0.030096 60.192000
0.091488 62.592000
0.091904 63.424000
0.154080 62.592000
0.154496 63.424000
0.155328 63.424000
0.155744 64.256000
0.216672 62.592000
0.217088 63.424000
0.217920 63.424000
0.218336 64.256000
0.219168 64.256000
0.219584 65.088000
0.220416 65.088000
0.220832 65.920000
0.279264 62.592000
0.279680 63.424000
0.280512 63.424000
0.280928 64.256000
0.281760 64.256000
0.282176 65.088000
0.283008 65.088000
0.283424 65.920000
0.284256 65.920000
0.284672 66.752000
0.285504 66.752000
0.285920 67.584000
0.286752 67.584000
0.287168 68.416000
0.288000 68.416000
0.288416 69.248000
0.341856 62.592000
0.342272 63.424000
0.343104 63.424000
0.343520 64.256000
0.344352 64.256000
0.344768 65.088000
0.345600 65.088000
0.346016 65.920000
0.346848 65.920000
0.347264 66.752000
0.348096 66.752000
0.348512 67.584000
0.349344 67.584000
0.349760 68.416000
0.350592 68.416000
0.351008 69.248000
0.351840 69.248000
0.352256 70.080000
0.353088 70.080000
0.353504 70.912000
0.354336 70.912000
0.354752 71.744000
0.355584 71.744000
0.356000 72.576000
0.356832 72.576000
0.357248 73.408000
0.358080 73.408000
0.358496 74.240000
0.410272 176.128000
0.441984 237.888000
0.572864 377.792000
0.604992 440.384000
0.636704 502.144000
0.637952 502.976000
0.668832 563.072000
0.670080 563.904000
0.671328 564.736000
0.701376 623.168000
0.702624 624.000000
0.703872 624.832000
0.705120 625.664000
0.733920 681.600000
0.735168 682.432000
0.736416 683.264000
0.737664 684.096000
0.738912 684.928000
0.821568 646.464000
1.113504 64.256000
1.114336 64.256000
1.114752 65.088000
1.115168 65.920000
1.115584 66.752000
1.116000 67.584000
1.116416 68.416000
1.116832 69.248000
1.117248 70.080000
1.117664 70.912000
1.118080 71.744000
1.118496 72.576000
1.151456 138.496000
1.182752 201.088000
1.377888 314.368000
1.566368 62.592000
1.566784 63.424000
1.628960 62.592000
1.629376 63.424000
1.630208 63.424000
1.630624 64.256000
1.691552 62.592000
1.692384 62.592000
1.693216 62.592000
1.694048 62.592000
1.754144 62.592000
1.754560 63.424000
1.755392 63.424000
1.756224 63.424000
1.757056 63.424000
1.816736 62.592000
1.817568 62.592000
1.817984 63.424000
1.818816 63.424000
1.819648 63.424000
1.820480 63.424000
1.879328 62.592000
1.880160 62.592000
1.880992 62.592000
1.881824 62.592000
1.882240 63.424000
1.883072 63.424000
1.883904 63.424000
1.941920 62.592000
1.942752 62.592000
1.943584 62.592000
1.944416 62.592000
1.945248 62.592000
1.945664 63.424000
1.946496 63.424000
1.947328 63.424000
2.004512 62.592000
2.005344 62.592000
2.006176 62.592000
2.007008 62.592000
2.007840 62.592000
2.008672 62.592000
2.009504 62.592000
2.009920 63.424000
2.010752 63.424000
2.067184 62.752000
2.068016 62.752000
2.069248 63.552000
2.070080 63.552000
2.071312 64.352000
2.072544 65.152000
2.073376 65.152000
2.074608 65.952000
2.075024 66.784000
2.076256 67.584000
2.129856 62.592000
2.131088 63.392000
2.132720 63.392000
2.133552 63.392000
2.135184 63.392000
2.136816 63.392000
2.138048 64.192000
2.139680 64.192000
2.140512 64.192000
2.141328 65.824000
2.142560 65.024000
2.192448 62.592000
2.194080 62.592000
2.195712 62.592000
2.196944 63.392000
2.198576 63.392000
2.200208 63.392000
2.201840 63.392000
2.203472 63.392000
2.204304 63.392000
2.205936 63.392000
2.207168 64.192000
2.207584 65.024000
2.255040 62.592000
2.256672 62.592000
2.258304 62.592000
2.259936 62.592000
2.261568 62.592000
2.263200 62.592000
2.264832 62.592000
2.266864 63.392000
2.267696 63.392000
2.269328 63.392000
2.270960 63.392000
2.272192 64.192000
2.272608 65.024000
2.317632 62.592000
2.319664 63.392000
2.321296 63.392000
2.322928 63.392000
2.324560 63.392000
2.326192 63.392000
2.327824 63.392000
2.329856 62.592000
2.331088 63.392000
2.332720 63.392000
2.334352 63.392000
2.335984 63.392000
2.336816 63.392000
2.380544 63.232000
2.380960 64.064000
2.382992 63.264000
2.384624 63.264000
2.386256 63.264000
2.387888 63.264000
2.389520 63.264000
2.391152 63.264000
2.392784 63.264000
2.394416 63.264000
2.396048 63.264000
2.397680 63.264000
2.399312 63.264000
2.400544 64.064000
2.443456 62.592000
2.444688 63.392000
2.445104 64.224000
2.446736 64.224000
2.448368 64.224000
2.450000 64.224000
2.451632 64.224000
2.453264 64.224000
2.454896 64.224000
2.456528 64.224000
2.458160 64.224000
2.459792 64.224000
2.461424 64.224000
2.463056 64.224000
2.464688 64.224000
2.506048 62.592000
2.507680 62.592000
2.508912 63.392000
2.510544 63.392000
2.510960 64.224000
2.512592 64.224000
2.514224 64.224000
2.515856 64.224000
2.517488 64.224000
2.519120 64.224000
2.520752 64.224000
2.522384 64.224000
2.524016 64.224000
2.525648 64.224000
2.527280 64.224000
2.528912 64.224000
2.568640 62.592000
2.570272 62.592000
2.571904 62.592000
2.573536 62.592000
2.574768 63.392000
2.575184 64.224000
2.576816 64.224000
2.578448 64.224000
2.580080 64.224000
2.581712 64.224000
2.583344 64.224000
2.584976 64.224000
2.586608 64.224000
2.588240 64.224000
2.589872 64.224000
2.591504 64.224000
2.593136 64.224000
2.631232 62.592000
2.633264 63.392000
2.634896 63.392000
2.636528 63.392000
2.638160 63.392000
2.638992 63.392000
2.640624 63.392000
2.641440 65.024000
2.642672 64.224000
2.644304 64.224000
2.645936 64.224000
2.647568 64.224000
2.649200 64.224000
2.650832 64.224000
2.652464 64.224000
2.654096 64.224000
2.655728 64.224000
2.657360 64.224000
2.694144 63.232000
2.696256 62.592000
2.697888 62.592000
2.699520 62.592000
2.701152 62.592000
2.702384 63.392000
2.704016 63.392000
2.705648 63.392000
2.706064 64.224000
2.707296 65.024000
2.708528 64.224000
2.710160 64.224000
2.711792 64.224000
2.713424 64.224000
2.715056 64.224000
2.716688 64.224000
2.718320 64.224000
2.719952 64.224000
2.721584 64.224000
2.757056 62.592000
2.758848 62.592000
2.760480 62.592000
2.762112 62.592000
2.763744 62.592000
2.765376 62.592000
2.767008 62.592000
2.768640 62.592000
2.769872 63.392000
2.771504 63.392000
2.771920 64.224000
2.773152 65.024000
2.774384 64.224000
2.776016 64.224000
2.777648 64.224000
2.779680 65.024000
2.781312 65.024000
2.782944 65.024000
2.784576 65.024000
2.786208 65.024000
2.819648 62.592000
2.821440 62.592000
2.823072 62.592000
2.824704 62.592000
2.826336 62.592000
2.827968 62.592000
2.829600 62.592000
2.831232 62.592000
2.833264 63.392000
2.834896 63.392000
2.835728 63.392000
2.836544 65.024000
2.837776 64.224000
2.839008 65.024000
2.840640 65.024000
2.842272 65.024000
2.844304 64.224000
2.845936 64.224000
2.847568 64.224000
2.849200 64.224000
2.850832 64.224000
2.882240 62.592000
2.884032 62.592000
2.886064 63.392000
2.887696 63.392000
2.889328 63.392000
2.890960 63.392000
2.892592 63.392000
2.894224 63.392000
2.896256 62.592000
2.897888 62.592000
2.899120 63.392000
2.900752 63.392000
2.901584 63.392000
2.902400 65.024000
2.903632 64.224000
2.905264 64.224000
2.906896 64.224000
2.908528 64.224000
2.910160 64.224000
2.911792 64.224000
2.913424 64.224000
2.915056 64.224000
2.944832 62.592000
2.946944 63.232000
2.949056 62.592000
2.950688 62.592000
2.952320 62.592000
2.953952 62.592000
2.955584 62.592000
2.957216 62.592000
2.958848 62.592000
2.960480 62.592000
2.962112 62.592000
2.963744 62.592000
2.964976 63.392000
2.966608 63.392000
2.967024 64.224000
2.968256 65.024000
2.969488 64.224000
2.971120 64.224000
2.972752 64.224000
2.974384 64.224000
2.976016 64.224000
2.977648 64.224000
2.979680 65.024000
3.007744 63.232000
3.009856 62.592000
3.011648 62.592000
3.013280 62.592000
3.014912 62.592000
3.016544 62.592000
3.018176 62.592000
3.019808 62.592000
3.021440 62.592000
3.023072 62.592000
3.024704 62.592000
3.026336 62.592000
3.027968 62.592000
3.029600 62.592000
3.030832 63.392000
3.032464 63.392000
3.033280 65.024000
3.034112 65.024000
3.035744 65.024000
3.037376 65.024000
3.039008 65.024000
3.040640 65.024000
3.042272 65.024000
3.044304 64.224000
3.070656 62.592000
3.072448 62.592000
3.074240 62.592000
3.075872 62.592000
3.077504 62.592000
3.079136 62.592000
3.080768 62.592000
3.082400 62.592000
3.084032 62.592000
3.086064 63.392000
3.087696 63.392000
3.089328 63.392000
3.090960 63.392000
3.092592 63.392000
3.094224 63.392000
3.095856 63.392000
3.097488 63.392000
3.097904 64.224000
3.099136 65.024000
3.100368 64.224000
3.102000 64.224000
3.103632 64.224000
3.105264 64.224000
3.106896 64.224000
3.108528 64.224000
3.133248 62.592000
3.135040 62.592000
3.136832 62.592000
3.138864 63.392000
3.140496 63.392000
3.142128 63.392000
3.143760 63.392000
3.145392 63.392000
3.147024 63.392000
3.149056 62.592000
3.150688 62.592000
3.152320 62.592000
3.153952 62.592000
3.155584 62.592000
3.157216 62.592000
3.158848 62.592000
3.160480 62.592000
3.161712 63.392000
3.163344 63.392000
3.163760 64.224000
3.164992 65.024000
3.166224 64.224000
3.167856 64.224000
3.169488 64.224000
3.171120 64.224000
3.172752 64.224000
3.195840 62.592000
3.197632 62.592000
3.199744 63.232000
3.201856 62.592000
3.203488 62.592000
3.205120 62.592000
3.206752 62.592000
3.208384 62.592000
3.210016 62.592000
3.211648 62.592000
3.213280 62.592000
3.214912 62.592000
3.216544 62.592000
3.218176 62.592000
3.219808 62.592000
3.221440 62.592000
3.223072 62.592000
3.224704 62.592000
3.226336 62.592000
3.227568 63.392000
3.227984 64.224000
3.229616 64.224000
3.230848 65.024000
3.232480 65.024000
3.234112 65.024000
3.235744 65.024000
3.237376 65.024000
3.258432 62.592000
3.260544 63.232000
3.262656 62.592000
3.264448 62.592000
3.266080 62.592000
3.267712 62.592000
3.269344 62.592000
3.270976 62.592000
3.272608 62.592000
3.274240 62.592000
3.275872 62.592000
3.277504 62.592000
3.279136 62.592000
3.280768 62.592000
3.282400 62.592000
3.284032 62.592000
3.286064 63.392000
3.287696 63.392000
3.289328 63.392000
3.290960 63.392000
3.291792 63.392000
3.293424 63.392000
3.294240 65.024000
3.295472 64.224000
3.297104 64.224000
3.298736 64.224000
3.300368 64.224000
3.302000 64.224000
3.321344 63.232000
3.323456 62.592000
3.325248 62.592000
3.327040 62.592000
3.328672 62.592000
3.330304 62.592000
3.331936 62.592000
3.333568 62.592000
3.335200 62.592000
3.336832 62.592000
3.338864 63.392000
3.340496 63.392000
3.342128 63.392000
3.343760 63.392000
3.345392 63.392000
3.347024 63.392000
3.349056 62.592000
3.350688 62.592000
3.352320 62.592000
3.353952 62.592000
3.355184 63.392000
3.356816 63.392000
3.358448 63.392000
3.358864 64.224000
3.360096 65.024000
3.361328 64.224000
3.362960 64.224000
3.364592 64.224000
3.366224 64.224000
3.384256 62.592000
3.386048 62.592000
3.387840 62.592000
3.389632 62.592000
3.391664 63.392000
3.393296 63.392000
3.394928 63.392000
3.396560 63.392000
3.398192 63.392000
3.399824 63.392000
3.401856 62.592000
3.403488 62.592000
3.405120 62.592000
3.406752 62.592000
3.408384 62.592000
3.410016 62.592000
3.411648 62.592000
3.413280 62.592000
3.414912 62.592000
3.416544 62.592000
3.418176 62.592000
3.419808 62.592000
3.421440 62.592000
3.422672 63.392000
3.423088 64.224000
3.424720 64.224000
3.425552 64.224000
3.427184 64.224000
3.428816 64.224000
3.430448 64.224000
3.446848 62.592000
3.448640 62.592000
3.450432 62.592000
3.452544 63.232000
3.454656 62.592000
3.456288 62.592000
3.457920 62.592000
3.459552 62.592000
3.461184 62.592000
3.462816 62.592000
3.464448 62.592000
3.466080 62.592000
3.467712 62.592000
3.469344 62.592000
3.470976 62.592000
3.472608 62.592000
3.474240 62.592000
3.475872 62.592000
3.477504 62.592000
3.479136 62.592000
3.480768 62.592000
3.482400 62.592000
3.484032 62.592000
3.486064 63.392000
3.486896 63.392000
3.488528 63.392000
3.489344 65.024000
3.490176 65.024000
3.491808 65.024000
3.493440 65.024000
3.495072 65.024000
3.509440 62.592000
3.511232 62.592000
3.513344 63.232000
3.515456 62.592000
3.517248 62.592000
3.518880 62.592000
3.520512 62.592000
3.522144 62.592000
3.523776 62.592000
3.525408 62.592000
3.527040 62.592000
3.528672 62.592000
3.530304 62.592000
3.531936 62.592000
3.533568 62.592000
3.535200 62.592000
3.536832 62.592000
3.538864 63.392000
3.540496 63.392000
3.542128 63.392000
3.543760 63.392000
3.545392 63.392000
3.547024 63.392000
3.549056 62.592000
3.550288 63.392000
3.551920 63.392000
3.553552 63.392000
3.553968 64.224000
3.555200 65.024000
3.556432 64.224000
3.558064 64.224000
3.559696 64.224000
3.572032 62.592000
3.574144 63.232000
3.576256 62.592000
3.578048 62.592000
3.579840 62.592000
3.581472 62.592000
3.583104 62.592000
3.584736 62.592000
3.586368 62.592000
3.588000 62.592000
3.589632 62.592000
3.591664 63.392000
3.593296 63.392000
3.594928 63.392000
3.596560 63.392000
3.598192 63.392000
3.599824 63.392000
3.601856 62.592000
3.603488 62.592000
3.605120 62.592000
3.606752 62.592000
3.608384 62.592000
3.610016 62.592000
3.611648 62.592000
3.613280 62.592000
3.614912 62.592000
3.616544 62.592000
3.617776 63.392000
3.619408 63.392000
3.619824 64.224000
3.621056 65.024000
3.622288 64.224000
3.623920 64.224000
3.634944 63.232000
3.637056 62.592000
3.638848 62.592000
3.640640 62.592000
3.642432 62.592000
3.644464 63.392000
3.646096 63.392000
3.647728 63.392000
3.649360 63.392000
3.650992 63.392000
3.652624 63.392000
3.654656 62.592000
3.656288 62.592000
3.657920 62.592000
3.659552 62.592000
3.661184 62.592000
3.662816 62.592000
3.664448 62.592000
3.666080 62.592000
3.667712 62.592000
3.669344 62.592000
3.670976 62.592000
3.672608 62.592000
3.674240 62.592000
3.675872 62.592000
3.677504 62.592000
3.679136 62.592000
3.680768 62.592000
3.682400 62.592000
3.683632 63.392000
3.684448 65.024000
3.685680 64.224000
3.686912 65.024000
3.688544 65.024000
3.697856 62.592000
3.699648 62.592000
3.701440 62.592000
3.703232 62.592000
3.705344 63.232000
3.707456 62.592000
3.709088 62.592000
3.710720 62.592000
3.712352 62.592000
3.713984 62.592000
3.715616 62.592000
3.717248 62.592000
3.718880 62.592000
3.720512 62.592000
3.722144 62.592000
3.723776 62.592000
3.725408 62.592000
3.727040 62.592000
3.728672 62.592000
3.730304 62.592000
3.731936 62.592000
3.733568 62.592000
3.735200 62.592000
3.736832 62.592000
3.738864 63.392000
3.740496 63.392000
3.742128 63.392000
3.743760 63.392000
3.745392 63.392000
3.747024 63.392000
3.748656 63.392000
3.749488 63.392000
3.750304 65.024000
3.751536 64.224000
3.753168 64.224000
3.760448 62.592000
3.762240 62.592000
3.764032 62.592000
3.766144 63.232000
3.768256 62.592000
3.770048 62.592000
3.771680 62.592000
3.773312 62.592000
3.774944 62.592000
3.776576 62.592000
3.778208 62.592000
3.779840 62.592000
3.781472 62.592000
3.783104 62.592000
3.784736 62.592000
3.786368 62.592000
3.788000 62.592000
3.789632 62.592000
3.791664 63.392000
3.793296 63.392000
3.794928 63.392000
3.796560 63.392000
3.798192 63.392000
3.799824 63.392000
3.801856 62.592000
3.803488 62.592000
3.805120 62.592000
3.806752 62.592000
3.808384 62.592000
3.810016 62.592000
3.811648 62.592000
3.812880 63.392000
3.814512 63.392000
3.814928 64.224000
3.816160 65.024000
3.817392 64.224000
3.823040 62.592000
3.824832 62.592000
3.826944 63.232000
3.829056 62.592000
3.830848 62.592000
3.832640 62.592000
3.834272 62.592000
3.835904 62.592000
3.837536 62.592000
3.839168 62.592000
3.840800 62.592000
3.842432 62.592000
3.844464 63.392000
3.846096 63.392000
3.847728 63.392000
3.849360 63.392000
3.850992 63.392000
3.852624 63.392000
3.854656 62.592000
3.856288 62.592000
3.857920 62.592000
3.859552 62.592000
3.861184 62.592000
3.862816 62.592000
3.864448 62.592000
3.866080 62.592000
3.867712 62.592000
3.869344 62.592000
3.870976 62.592000
3.872608 62.592000
3.874240 62.592000
3.875872 62.592000
3.877504 62.592000
3.878736 63.392000
3.880368 63.392000
3.880784 64.224000
3.882016 65.024000
3.885648 62.624000
3.887760 63.264000
3.889856 62.592000
3.891648 62.592000
3.893440 62.592000
3.895232 62.592000
3.897264 63.392000
3.898896 63.392000
3.900528 63.392000
3.902160 63.392000
3.903792 63.392000
3.905424 63.392000
3.907456 62.592000
3.909088 62.592000
3.910720 62.592000
3.912352 62.592000
3.913984 62.592000
3.915616 62.592000
3.917248 62.592000
3.918880 62.592000
3.920512 62.592000
3.922144 62.592000
3.923776 62.592000
3.925408 62.592000
3.927040 62.592000
3.928672 62.592000
3.930304 62.592000
3.931936 62.592000
3.933568 62.592000
3.935200 62.592000
3.936832 62.592000
3.938864 63.392000
3.940496 63.392000
3.942128 63.392000
3.943760 63.392000
3.944592 63.392000
3.945408 65.024000
3.946640 64.224000
3.949072 64.224000
3.951104 63.424000
3.952800 63.296000
3.954512 63.136000
3.956224 62.976000
3.958336 63.616000
3.960368 62.816000
3.962000 62.816000
3.963632 62.816000
3.965264 62.816000
3.966896 62.816000
3.968528 62.816000
3.970160 62.816000
3.971792 62.816000
3.973424 62.816000
3.975056 62.816000
3.976688 62.816000
3.978320 62.816000
3.979952 62.816000
3.981584 62.816000
3.983216 62.816000
3.984848 62.816000
3.986480 62.816000
3.988112 62.816000
3.989744 62.816000
3.991776 63.616000
3.993408 63.616000
3.995040 63.616000
3.996672 63.616000
3.998304 63.616000
3.999936 63.616000
4.001968 62.816000
4.003600 62.816000
4.005232 62.816000
4.006864 62.816000
4.008096 63.616000
4.009728 63.616000
4.010560 63.616000
4.011376 65.248000
4.013408 64.448000
4.015040 64.448000
4.016672 64.448000
4.018304 64.448000
4.019936 64.448000
4.021968 63.648000
4.023600 63.648000
4.025232 63.648000
4.026864 63.648000
4.028496 63.648000
4.030128 63.648000
4.031760 63.648000
4.033792 64.448000
4.035424 64.448000
4.037056 64.448000
4.038688 64.448000
4.040320 64.448000
4.041952 64.448000
4.043584 64.448000
4.045216 64.448000
4.046848 64.448000
4.048480 64.448000
4.050112 64.448000
4.051744 64.448000
4.053376 64.448000
4.055408 63.648000
4.057040 63.648000
4.058672 63.648000
4.060304 63.648000
4.061936 63.648000
4.063568 63.648000
4.065200 63.648000
4.066832 63.648000
4.068464 63.648000
4.070096 63.648000
4.071728 63.648000
4.073360 63.648000
4.074592 64.448000
4.076224 64.448000
4.077040 66.080000
4.078272 65.280000
4.079904 65.280000
4.081536 65.280000
4.083168 65.280000
4.084800 65.280000
4.086432 65.280000
4.088064 65.280000
4.089696 65.280000
4.091328 65.280000
4.092960 65.280000
4.094592 65.280000
4.096224 65.280000
4.098656 65.280000
4.100288 65.280000
4.101920 65.280000
4.103552 65.280000
4.105184 65.280000
4.106816 65.280000
4.108448 65.280000
4.110080 65.280000
4.111712 65.280000
4.113344 65.280000
4.114976 65.280000
4.116608 65.280000
4.118240 65.280000
4.119872 65.280000
4.121504 65.280000
4.123136 65.280000
4.124768 65.280000
4.126400 65.280000
4.128032 65.280000
4.129664 65.280000
4.131296 65.280000
4.132928 65.280000
4.134560 65.280000
4.136192 65.280000
4.137824 65.280000
4.139456 65.280000
4.141088 65.280000
4.142720 65.280000
4.143952 66.080000
4.144368 66.912000
4.146000 66.912000
4.147632 66.912000
4.149264 66.912000
4.150896 66.912000
4.152528 66.912000
4.154160 66.912000
4.155792 66.912000
4.157424 66.912000
4.159056 66.912000
4.160688 66.912000
4.162320 66.912000
4.164752 66.912000
4.166384 66.912000
4.168016 66.912000
4.169648 66.912000
4.171280 66.912000
4.172912 66.912000
4.174544 66.912000
4.176176 66.912000
4.177808 66.912000
4.179440 66.912000
4.181072 66.912000
4.182704 66.912000
4.184336 66.912000
4.185968 66.912000
4.187600 66.912000
4.189232 66.912000
4.190864 66.912000
4.192496 66.912000
4.194128 66.912000
4.195760 66.912000
4.197392 66.912000
4.199024 66.912000
4.200656 66.912000
4.202288 66.912000
4.203920 66.912000
4.205552 66.912000
4.207184 66.912000
4.208816 66.912000
4.210448 66.912000
4.211680 67.712000
4.212096 68.544000
4.213728 68.544000
4.215360 68.544000
4.216992 68.544000
4.218624 68.544000
4.220256 68.544000
4.221888 68.544000
4.223520 68.544000
4.225152 68.544000
4.226784 68.544000
4.228416 68.544000
4.230048 68.544000
4.232080 67.744000
4.233712 67.744000
4.235344 67.744000
4.236976 67.744000
4.238608 67.744000
4.240640 68.544000
4.242272 68.544000
4.243904 68.544000
4.245536 68.544000
4.247168 68.544000
4.248800 68.544000
4.250432 68.544000
4.252064 68.544000
4.253696 68.544000
4.255328 68.544000
4.256960 68.544000
4.258592 68.544000
4.260224 68.544000
4.261856 68.544000
4.263488 68.544000
4.265120 68.544000
4.266752 68.544000
4.268384 68.544000
4.270016 68.544000
4.271648 68.544000
4.273280 68.544000
4.274912 68.544000
4.276544 68.544000
4.278176 68.544000
4.279808 68.544000
4.281040 69.344000
4.282672 69.344000
4.283088 70.176000
4.284720 70.176000
4.286352 70.176000
4.287984 70.176000
4.289616 70.176000
4.291248 70.176000
4.292880 70.176000
4.294512 70.176000
4.296144 70.176000
4.297776 70.176000
4.299408 70.176000
4.301040 70.176000
4.302672 70.176000
4.304304 70.176000
4.305936 70.176000
4.307568 70.176000
4.309600 69.376000
4.311232 69.376000
4.312864 69.376000
4.314496 69.376000
4.316128 69.376000
4.317760 69.376000
4.319392 69.376000
4.321024 69.376000
4.323056 70.176000
4.324688 70.176000
4.326320 70.176000
4.327952 70.176000
4.329584 70.176000
4.331216 70.176000
4.332848 70.176000
4.334480 70.176000
4.336112 70.176000
4.337744 70.176000
4.339376 70.176000
4.341008 70.176000
4.342640 70.176000
4.344272 70.176000
4.345904 70.176000
4.347536 70.176000
4.349168 70.176000
4.350800 70.176000
4.352432 70.176000
4.353264 70.176000
4.354080 71.808000
4.355312 71.008000
4.356944 71.008000
4.358576 71.008000
4.360208 71.008000
4.361840 71.008000
4.363872 71.808000
4.365504 71.808000
4.367136 71.808000
4.368768 71.808000
4.370400 71.808000
4.372032 71.808000
4.373664 71.808000
4.375296 71.808000
4.376928 71.808000
4.378560 71.808000
4.380192 71.808000
4.381824 71.808000
4.383456 71.808000
4.385088 71.808000
4.386720 71.808000
4.388352 71.808000
4.389984 71.808000
4.391616 71.808000
4.393648 71.008000
4.395280 71.008000
4.396912 71.008000
4.398544 71.008000
4.400176 71.008000
4.401808 71.008000
4.403440 71.008000
4.405472 71.808000
4.407104 71.808000
4.408736 71.808000
4.410368 71.808000
4.412000 71.808000
4.413632 71.808000
4.415264 71.808000
4.416896 71.808000
4.418528 71.808000
4.420160 71.808000
4.421792 71.808000
4.423424 71.808000
4.424256 71.808000
4.425888 71.808000
4.427120 72.608000
4.427536 73.440000
4.429168 73.440000
4.430800 73.440000
4.432432 73.440000
4.434064 73.440000
4.436096 72.640000
4.437728 72.640000
4.439360 72.640000
4.440992 72.640000
4.442624 72.640000
4.444256 72.640000
4.446288 73.440000
4.447920 73.440000
4.449552 73.440000
4.451184 73.440000
4.452816 73.440000
4.454448 73.440000
4.456080 73.440000
4.457712 73.440000
4.459344 73.440000
4.460976 73.440000
4.462608 73.440000
4.464240 73.440000
4.465872 73.440000
4.467504 73.440000
4.469136 73.440000
4.470768 73.440000
4.472400 73.440000
4.474032 73.440000
4.475664 73.440000
4.477696 72.640000
4.479328 72.640000
4.480960 72.640000
4.482592 72.640000
4.484224 72.640000
4.485856 72.640000
4.487888 73.440000
4.489520 73.440000
4.491152 73.440000
4.492784 73.440000
4.494416 73.440000
4.496048 73.440000
4.496880 73.440000
4.498512 73.440000
4.538880 150.912000
4.570592 212.672000
4.746848 265.024000
4.910656 62.592000
4.911472 64.224000
4.973248 62.592000
4.974064 64.224000
4.975296 63.424000
4.976112 65.056000
5.035840 62.592000
5.036656 64.224000
5.037888 63.424000
5.038704 65.056000
5.039536 65.056000
5.040352 66.688000
5.041584 65.888000
5.042400 67.520000
5.098432 62.592000
5.099248 64.224000
5.100880 64.224000
5.101296 65.056000
5.102528 65.856000
5.102944 66.688000
5.104576 66.688000
5.105408 66.688000
5.107040 66.688000
5.107872 66.688000
5.109504 66.688000
5.161344 63.232000
5.162976 63.232000
5.164608 63.232000
5.165440 63.232000
5.167072 63.232000
5.168304 64.032000
5.169936 64.032000
5.170352 64.864000
5.171584 65.664000
5.172816 64.864000
5.174048 65.664000
5.175680 65.664000
5.224256 62.592000
5.225888 62.592000
5.227520 62.592000
5.228752 63.392000
5.230384 63.392000
5.232016 63.392000
5.233648 63.392000
5.234480 63.392000
5.235296 65.024000
5.236528 64.224000
5.237760 65.024000
5.239392 65.024000
5.241024 65.024000
5.286848 62.592000
5.288480 62.592000
5.290112 62.592000
5.291744 62.592000
5.293376 62.592000
5.295008 62.592000
5.296640 62.592000
5.297872 63.392000
5.299504 63.392000
5.300336 63.392000
5.301152 65.024000
5.302384 64.224000
5.304016 64.224000
5.305648 64.224000
5.349440 62.592000
5.351072 62.592000
5.352704 62.592000
5.354336 62.592000
5.355968 62.592000
5.357600 62.592000
5.359232 62.592000
5.361264 63.392000
5.362896 63.392000
5.363728 63.392000
5.365360 63.392000
5.366176 65.024000
5.367008 65.024000
5.368640 65.024000
5.370272 65.024000
5.412032 62.592000
5.414064 63.392000
5.415696 63.392000
5.417328 63.392000
5.418960 63.392000
5.420592 63.392000
5.422224 63.392000
5.424256 62.592000
5.425888 62.592000
5.427120 63.392000
5.428752 63.392000
5.430384 63.392000
5.431216 63.392000
5.432032 65.024000
5.433264 64.224000
5.434896 64.224000
5.474944 63.232000
5.477056 62.592000
5.478688 62.592000
5.480320 62.592000
5.481952 62.592000
5.483584 62.592000
5.485216 62.592000
5.486848 62.592000
5.488480 62.592000
5.490112 62.592000
5.491744 62.592000
5.493376 62.592000
5.494608 63.392000
5.496240 63.392000
5.496656 64.224000
5.497888 65.024000
5.499120 64.224000
5.537856 62.592000
5.539648 62.592000
5.541280 62.592000
5.542912 62.592000
5.544544 62.592000
5.546176 62.592000
5.547808 62.592000
5.549440 62.592000
5.551072 62.592000
5.552704 62.592000
5.554336 62.592000
5.555968 62.592000
5.557600 62.592000
5.559232 62.592000
5.560464 63.392000
5.562096 63.392000
5.562912 65.024000
5.563744 65.024000
5.600448 62.592000
5.602240 62.592000
5.603872 62.592000
5.605504 62.592000
5.607136 62.592000
5.608768 62.592000
5.610400 62.592000
5.612032 62.592000
5.614064 63.392000
5.615696 63.392000
5.617328 63.392000
5.618960 63.392000
5.620592 63.392000
5.622224 63.392000
5.623856 63.392000
5.625488 63.392000
5.627120 63.392000
5.627536 64.224000
5.628768 65.024000
5.663040 62.592000
5.664832 62.592000
5.666864 63.392000
5.668496 63.392000
5.670128 63.392000
5.671760 63.392000
5.673392 63.392000
5.675024 63.392000
5.677056 62.592000
5.678688 62.592000
5.680320 62.592000
5.681952 62.592000
5.683584 62.592000
5.685216 62.592000
5.686848 62.592000
5.688480 62.592000
5.690112 62.592000
5.691344 63.392000
5.692976 63.392000
5.693392 64.224000
5.725632 62.592000
5.727744 63.232000
5.729856 62.592000
5.731488 62.592000
5.733120 62.592000
5.734752 62.592000
5.736384 62.592000
5.738016 62.592000
5.739648 62.592000
5.741280 62.592000
5.742912 62.592000
5.744544 62.592000
5.746176 62.592000
5.747808 62.592000
5.749440 62.592000
5.751072 62.592000
5.752704 62.592000
5.754336 62.592000
5.755968 62.592000
5.757200 63.392000
5.757616 64.224000
5.788544 63.232000
5.790656 62.592000
5.792448 62.592000
5.794080 62.592000
5.795712 62.592000
5.797344 62.592000
5.798976 62.592000
5.800608 62.592000
5.802240 62.592000
5.803872 62.592000
5.805504 62.592000
5.807136 62.592000
5.808768 62.592000
5.810400 62.592000
5.812032 62.592000
5.814064 63.392000
5.815696 63.392000
5.817328 63.392000
5.818960 63.392000
5.820592 63.392000
5.821424 63.392000
5.851456 62.592000
5.852272 64.224000
5.853584 63.264000
5.855296 63.104000
5.856928 63.104000
5.858560 63.104000
5.860192 63.104000
5.861824 63.104000
5.863456 63.104000
5.865088 63.104000
5.867120 63.904000
5.868752 63.904000
5.870384 63.904000
5.872016 63.904000
5.873648 63.904000
5.875280 63.904000
5.877312 63.104000
5.878944 63.104000
5.880576 63.104000
5.882208 63.104000
5.883840 63.104000
5.885072 63.904000
5.914048 62.592000
5.915680 62.592000
5.916496 64.224000
5.917328 64.224000
5.918960 64.224000
5.920592 64.224000
5.922224 64.224000
5.923856 64.224000
5.925488 64.224000
5.927120 64.224000
5.928752 64.224000
5.930784 63.424000
5.932416 63.424000
5.934048 63.424000
5.936080 64.224000
5.937712 64.224000
5.939344 64.224000
5.940976 64.224000
5.942608 64.224000
5.944240 64.224000
5.945872 64.224000
5.947504 64.224000
5.949136 64.224000
5.976640 62.592000
5.978272 62.592000
5.979904 62.592000
5.981136 63.392000
5.981552 64.224000
5.983184 64.224000
5.984816 64.224000
5.986448 64.224000
5.988080 64.224000
5.989712 64.224000
5.991344 64.224000
5.992976 64.224000
5.994608 64.224000
5.996240 64.224000
5.997872 64.224000
6.000304 64.224000
6.001936 64.224000
6.003568 64.224000
6.005200 64.224000
6.006832 64.224000
6.008464 64.224000
6.010096 64.224000
6.011728 64.224000
6.013360 64.224000
6.039232 62.592000
6.041264 63.392000
6.042896 63.392000
6.044528 63.392000
6.045360 63.392000
6.046176 65.024000
6.047408 64.224000
6.049040 64.224000
6.050672 64.224000
6.052304 64.224000
6.053936 64.224000
6.055568 64.224000
6.057200 64.224000
6.058832 64.224000
6.060464 64.224000
6.062096 64.224000
6.064528 64.224000
6.066160 64.224000
6.067792 64.224000
6.069424 64.224000
6.071056 64.224000
6.072688 64.224000
6.074320 64.224000
6.075952 64.224000
6.077584 64.224000
6.102144 63.232000
6.104256 62.592000
6.105888 62.592000
6.107520 62.592000
6.108752 63.392000
6.110384 63.392000
6.111216 63.392000
6.112032 65.024000
6.113264 64.224000
6.114896 64.224000
6.116528 64.224000
6.118160 64.224000
6.119792 64.224000
6.121424 64.224000
6.123056 64.224000
6.124688 64.224000
6.126320 64.224000
6.128752 64.224000
6.130384 64.224000
6.132016 64.224000
6.133648 64.224000
6.135280 64.224000
6.136912 64.224000
6.138544 64.224000
6.140176 64.224000
6.141808 64.224000
6.165056 62.592000
6.166848 62.592000
6.168480 62.592000
6.170112 62.592000
6.171744 62.592000
6.173376 62.592000
6.174608 63.392000
6.176240 63.392000
6.176656 64.224000
6.177888 65.024000
6.179120 64.224000
6.180752 64.224000
6.182384 64.224000
6.184016 64.224000
6.185648 64.224000
6.187680 65.024000
6.189312 65.024000
6.190944 65.024000
6.192976 64.224000
6.194608 64.224000
6.196240 64.224000
6.197872 64.224000
6.199504 64.224000
6.201136 64.224000
6.202768 64.224000
6.204400 64.224000
6.206032 64.224000
6.227648 62.592000
6.229440 62.592000
6.231072 62.592000
6.232704 62.592000
6.234336 62.592000
6.235968 62.592000
6.237600 62.592000
6.239232 62.592000
6.240464 63.392000
6.242096 63.392000
6.242912 65.024000
6.243744 65.024000
6.245376 65.024000
6.247008 65.024000
6.248640 65.024000
6.250272 65.024000
6.252304 64.224000
6.253936 64.224000
6.255568 64.224000
6.257200 64.224000
6.258832 64.224000
6.260464 64.224000
6.262096 64.224000
6.263728 64.224000
6.265360 64.224000
6.266992 64.224000
6.268624 64.224000
6.270256 64.224000
6.290240 62.592000
6.292032 62.592000
6.294064 63.392000
6.295696 63.392000
6.297328 63.392000
6.298960 63.392000
6.300592 63.392000
6.302224 63.392000
6.303856 63.392000
6.305488 63.392000
6.307120 63.392000
6.307536 64.224000
6.308768 65.024000
6.310000 64.224000
6.311632 64.224000
6.313264 64.224000
6.314896 64.224000
6.316528 64.224000
6.318160 64.224000
6.319792 64.224000
6.321424 64.224000
6.323056 64.224000
6.324688 64.224000
6.326320 64.224000
6.327952 64.224000
6.329584 64.224000
6.331216 64.224000
6.332848 64.224000
6.334880 65.024000
6.352832 62.592000
6.354944 63.232000
6.357056 62.592000
6.358688 62.592000
6.360320 62.592000
6.361952 62.592000
6.363584 62.592000
6.365216 62.592000
6.366848 62.592000
6.368480 62.592000
6.370112 62.592000
6.371344 63.392000
6.371760 64.224000
6.373392 64.224000
6.374224 64.224000
6.375856 64.224000
6.377488 64.224000
6.379120 64.224000
6.380752 64.224000
6.382384 64.224000
6.384016 64.224000
6.385648 64.224000
6.387680 65.024000
6.389312 65.024000
6.390944 65.024000
6.392576 65.024000
6.394208 65.024000
6.395840 65.024000
6.397472 65.024000
6.399504 64.224000
6.415744 63.232000
6.417856 62.592000
6.419648 62.592000
6.421280 62.592000
6.422912 62.592000
6.424544 62.592000
6.426176 62.592000
6.427808 62.592000
6.429440 62.592000
6.431072 62.592000
6.432704 62.592000
6.434336 62.592000
6.435568 63.392000
6.437200 63.392000
6.437616 64.224000
6.438848 65.024000
6.440480 65.024000
6.442112 65.024000
6.443744 65.024000
6.445376 65.024000
6.447008 65.024000
6.448640 65.024000
6.450272 65.024000
6.452304 64.224000
6.453936 64.224000
6.455568 64.224000
6.457200 64.224000
6.458832 64.224000
6.460464 64.224000
6.462096 64.224000
6.463728 64.224000
6.478656 62.592000
6.480448 62.592000
6.482240 62.592000
6.483872 62.592000
6.485504 62.592000
6.487136 62.592000
6.488768 62.592000
6.490400 62.592000
6.492032 62.592000
6.494064 63.392000
6.495696 63.392000
6.497328 63.392000
6.498960 63.392000
6.500592 63.392000
6.501424 63.392000
6.502240 65.024000
6.503472 64.224000
6.505104 64.224000
6.506736 64.224000
6.508368 64.224000
6.510000 64.224000
6.511632 64.224000
6.513264 64.224000
6.514896 64.224000
6.516528 64.224000
6.518160 64.224000
6.519792 64.224000
6.521424 64.224000
6.523056 64.224000
6.524688 64.224000
6.526320 64.224000
6.527952 64.224000
6.541248 62.592000
6.543040 62.592000
6.544832 62.592000
6.546864 63.392000
6.548496 63.392000
6.550128 63.392000
6.551760 63.392000
6.553392 63.392000
6.555024 63.392000
6.557056 62.592000
6.558688 62.592000
6.560320 62.592000
6.561952 62.592000
6.563584 62.592000
6.564816 63.392000
6.566448 63.392000
6.567280 63.392000
6.568096 65.024000
6.569328 64.224000
6.570960 64.224000
6.572592 64.224000
6.574224 64.224000
6.575856 64.224000
6.577488 64.224000
6.579120 64.224000
6.580752 64.224000
6.582384 64.224000
6.584016 64.224000
6.585648 64.224000
6.587680 65.024000
6.589312 65.024000
6.590944 65.024000
6.592576 65.024000
6.603840 62.592000
6.605632 62.592000
6.607744 63.232000
6.609856 62.592000
6.611488 62.592000
6.613120 62.592000
6.614752 62.592000
6.616384 62.592000
6.618016 62.592000
6.619648 62.592000
6.621280 62.592000
6.622912 62.592000
6.624544 62.592000
6.626176 62.592000
6.627808 62.592000
6.629440 62.592000
6.630672 63.392000
6.632304 63.392000
6.632720 64.224000
6.633952 65.024000
6.635184 64.224000
6.636816 64.224000
6.638448 64.224000
6.640480 65.024000
6.642112 65.024000
6.643744 65.024000
6.645376 65.024000
6.647008 65.024000
6.648640 65.024000
6.650272 65.024000
6.652304 64.224000
6.653936 64.224000
6.655568 64.224000
6.657200 64.224000
6.666432 62.592000
6.668544 63.232000
6.670656 62.592000
6.672448 62.592000
6.674080 62.592000
6.675712 62.592000
6.677344 62.592000
6.678976 62.592000
6.680608 62.592000
6.682240 62.592000
6.683872 62.592000
6.685504 62.592000
6.687136 62.592000
6.688768 62.592000
6.690400 62.592000
6.692032 62.592000
6.694064 63.392000
6.695696 63.392000
6.696528 63.392000
6.698160 63.392000
6.698976 65.024000
6.699808 65.024000
6.701440 65.024000
6.703072 65.024000
6.705104 64.224000
6.706736 64.224000
6.708368 64.224000
6.710000 64.224000
6.711632 64.224000
6.713264 64.224000
6.714896 64.224000
6.716528 64.224000
6.718160 64.224000
6.719792 64.224000
6.721424 64.224000
6.729344 63.232000
6.731456 62.592000
6.733248 62.592000
6.735040 62.592000
6.736672 62.592000
6.738304 62.592000
6.739936 62.592000
6.741568 62.592000
6.743200 62.592000
6.744832 62.592000
6.746864 63.392000
6.748496 63.392000
6.750128 63.392000
6.751760 63.392000
6.753392 63.392000
6.755024 63.392000
6.757056 62.592000
6.758688 62.592000
6.759920 63.392000
6.761552 63.392000
6.763184 63.392000
6.763600 64.224000
6.764832 65.024000
6.766064 64.224000
6.767696 64.224000
6.769328 64.224000
6.770960 64.224000
6.772592 64.224000
6.774224 64.224000
6.775856 64.224000
6.777488 64.224000
6.779120 64.224000
6.780752 64.224000
6.782384 64.224000
6.784016 64.224000
6.785648 64.224000
6.792256 62.592000
6.794048 62.592000
6.795840 62.592000
6.797632 62.592000
6.799664 63.392000
6.801296 63.392000
6.802928 63.392000
6.804560 63.392000
6.806192 63.392000
6.807824 63.392000
6.809856 62.592000
6.811488 62.592000
6.813120 62.592000
6.814752 62.592000
6.816384 62.592000
6.818016 62.592000
6.819648 62.592000
6.821280 62.592000
6.822912 62.592000
6.824544 62.592000
6.826176 62.592000
6.827408 63.392000
6.829040 63.392000
6.829456 64.224000
6.830688 65.024000
6.831920 64.224000
6.833552 64.224000
6.835184 64.224000
6.836816 64.224000
6.838448 64.224000
6.840480 65.024000
6.842112 65.024000
6.843744 65.024000
6.845376 65.024000
6.847008 65.024000
6.848640 65.024000
6.850272 65.024000
6.854848 62.592000
6.856640 62.592000
6.858432 62.592000
6.860544 63.232000
6.862656 62.592000
6.864288 62.592000
6.865920 62.592000
6.867552 62.592000
6.869184 62.592000
6.870816 62.592000
6.872448 62.592000
6.874080 62.592000
6.875712 62.592000
6.877344 62.592000
6.878976 62.592000
6.880608 62.592000
6.882240 62.592000
6.883872 62.592000
6.885504 62.592000
6.887136 62.592000
6.888768 62.592000
6.890400 62.592000
6.892032 62.592000
6.893264 63.392000
6.894080 65.024000
6.895312 64.224000
6.896544 65.024000
6.898176 65.024000
6.899808 65.024000
6.901440 65.024000
6.903072 65.024000
6.905104 64.224000
6.906736 64.224000
6.908368 64.224000
6.910000 64.224000
6.911632 64.224000
6.913264 64.224000
6.914896 64.224000
6.917792 63.296000
6.919504 63.136000
6.921616 63.776000
6.923648 62.976000
6.925360 62.816000
6.926992 62.816000
6.928624 62.816000
6.930256 62.816000
6.931888 62.816000
6.933520 62.816000
6.935152 62.816000
6.936784 62.816000
6.938416 62.816000
6.940048 62.816000
6.941680 62.816000
6.943312 62.816000
6.944944 62.816000
6.946976 63.616000
6.948608 63.616000
6.950240 63.616000
6.951872 63.616000
6.953504 63.616000
6.955136 63.616000
6.956768 63.616000
6.958400 63.616000
6.959232 63.616000
6.960048 65.248000
6.961280 64.448000
6.962912 64.448000
6.964544 64.448000
6.966176 64.448000
6.967808 64.448000
6.969440 64.448000
6.971072 64.448000
6.972704 64.448000
6.974336 64.448000
6.975968 64.448000
6.977600 64.448000
6.979232 64.448000
6.981664 64.448000
6.983296 64.448000
6.985328 63.648000
6.986960 63.648000
6.988992 64.448000
6.990624 64.448000
6.992256 64.448000
6.993888 64.448000
6.995520 64.448000
6.997152 64.448000
6.998784 64.448000
7.000416 64.448000
7.002048 64.448000
7.003680 64.448000
7.005312 64.448000
7.006944 64.448000
7.008576 64.448000
7.010608 63.648000
7.012240 63.648000
7.013872 63.648000
7.015504 63.648000
7.017136 63.648000
7.018768 63.648000
7.020400 63.648000
7.022032 63.648000
7.023264 64.448000
7.024896 64.448000
7.025312 65.280000
7.026544 66.080000
7.028176 66.080000
7.029808 66.080000
7.031440 66.080000
7.033072 66.080000
7.034304 65.280000
7.035536 64.480000
7.036768 63.680000
7.038000 62.880000
7.039488 62.592000
7.041120 62.592000
7.042752 62.592000
7.045184 62.592000
7.046816 62.592000
7.048448 62.592000
7.050080 62.592000
7.052512 62.592000
7.054144 62.592000
7.055776 62.592000
7.057408 62.592000
7.059040 62.592000
7.060672 62.592000
7.062304 62.592000
7.063936 62.592000
7.065568 62.592000
7.067200 62.592000
7.068832 62.592000
7.070464 62.592000
7.072096 62.592000
7.073728 62.592000
7.075360 62.592000
7.076992 62.592000
7.078624 62.592000
7.080256 62.592000
7.081888 62.592000
7.083520 62.592000
7.085152 62.592000
7.086784 62.592000
7.088416 62.592000
7.089248 62.592000
7.090880 62.592000
7.091296 63.424000
7.092528 62.624000
7.094144 62.592000
7.095776 62.592000
7.097408 62.592000
7.098240 62.592000
7.099072 62.592000
7.099904 62.592000
7.100736 62.592000
7.102080 62.592000
7.103712 62.592000
7.105344 62.592000
7.107776 62.592000
7.109408 62.592000
7.111040 62.592000
7.112672 62.592000
7.115104 62.592000
7.116736 62.592000
7.118368 62.592000
7.120000 62.592000
7.121632 62.592000
7.123264 62.592000
7.124896 62.592000
7.126528 62.592000
7.128160 62.592000
7.129792 62.592000
7.131424 62.592000
7.133056 62.592000
7.134688 62.592000
7.136320 62.592000
7.137952 62.592000
7.139584 62.592000
7.141216 62.592000
7.142848 62.592000
7.144480 62.592000
7.146112 62.592000
7.147744 62.592000
7.149376 62.592000
7.151008 62.592000
7.151840 62.592000
7.153472 62.592000
7.154304 62.592000
7.154720 63.424000
7.155552 63.424000
7.156768 62.656000
7.158368 62.592000
7.160000 62.592000
7.160832 62.592000
7.161664 62.592000
7.162496 62.592000
7.163328 62.592000
7.164672 62.592000
7.166304 62.592000
7.167936 62.592000
7.170368 62.592000
7.172000 62.592000
7.173632 62.592000
7.175264 62.592000
7.177696 62.592000
7.179328 62.592000
7.180960 62.592000
7.182592 62.592000
7.184224 62.592000
7.185856 62.592000
7.187488 62.592000
7.189120 62.592000
7.190752 62.592000
7.192384 62.592000
7.194016 62.592000
7.195648 62.592000
7.197280 62.592000
7.198912 62.592000
7.200544 62.592000
7.202176 62.592000
7.203808 62.592000
7.205440 62.592000
7.207072 62.592000
7.208704 62.592000
7.210336 62.592000
7.211968 62.592000
7.213600 62.592000
7.214432 62.592000
7.216064 62.592000
7.216896 62.592000
7.217728 62.592000
7.218560 62.592000
7.218976 63.424000
7.219808 63.424000
7.221008 62.688000
7.222592 62.592000
7.223424 62.592000
7.224256 62.592000
7.225088 62.592000
7.225920 62.592000
7.227264 62.592000
7.228896 62.592000
7.230528 62.592000
7.232960 62.592000
7.234592 62.592000
7.236224 62.592000
7.237856 62.592000
7.240288 62.592000
7.241920 62.592000
7.243552 62.592000
7.245184 62.592000
7.246816 62.592000
7.248448 62.592000
7.250080 62.592000
7.251712 62.592000
7.253344 62.592000
7.254976 62.592000
7.256608 62.592000
7.258240 62.592000
7.259872 62.592000
7.261504 62.592000
7.263136 62.592000
7.264768 62.592000
7.266400 62.592000
7.268032 62.592000
7.269664 62.592000
7.271296 62.592000
7.272928 62.592000
7.274560 62.592000
7.276192 62.592000
7.277024 62.592000
7.278656 62.592000
7.279488 62.592000
7.280320 62.592000
7.281152 62.592000
7.281984 62.592000
7.282400 63.424000
7.283232 63.424000
7.284064 63.424000
7.285248 62.720000
7.286080 62.720000
7.286912 62.720000
7.287744 62.720000
7.288576 62.720000
7.289856 62.592000
7.291488 62.592000
7.293120 62.592000
7.295552 62.592000
7.297184 62.592000
7.298816 62.592000
7.300448 62.592000
7.302880 62.592000
7.304512 62.592000
7.306144 62.592000
7.307776 62.592000
7.309408 62.592000
7.311040 62.592000
7.312672 62.592000
7.314304 62.592000
7.315936 62.592000
7.317568 62.592000
7.319200 62.592000
7.320832 62.592000
7.322464 62.592000
7.324096 62.592000
7.325728 62.592000
7.327360 62.592000
7.328992 62.592000
7.330624 62.592000
7.332256 62.592000
7.333888 62.592000
7.335520 62.592000
7.337152 62.592000
7.338784 62.592000
7.339616 62.592000
7.341248 62.592000
7.342080 62.592000
7.342912 62.592000
7.343744 62.592000
7.344576 62.592000
7.345408 62.592000
7.346240 62.592000
7.346656 63.424000
7.347488 63.424000
7.348320 63.424000
7.349152 63.424000
7.349984 63.424000
7.350816 63.424000
7.351648 63.424000
7.352672 63.040000
7.354080 62.592000
7.355712 62.592000
7.358144 62.592000
7.359776 62.592000
7.361408 62.592000
7.363040 62.592000
7.365472 62.592000
7.367104 62.592000
7.368736 62.592000
7.370368 62.592000
7.372000 62.592000
7.373632 62.592000
7.375264 62.592000
7.376896 62.592000
7.378528 62.592000
7.380160 62.592000
7.381792 62.592000
7.383424 62.592000
7.385056 62.592000
7.386688 62.592000
7.388320 62.592000
7.389952 62.592000
7.391584 62.592000
7.393216 62.592000
7.394848 62.592000
7.396480 62.592000
7.398112 62.592000
7.399744 62.592000
7.401376 62.592000
7.402208 62.592000
7.403840 62.592000
7.404672 62.592000
7.405504 62.592000
7.406336 62.592000
7.407168 62.592000
7.408000 62.592000
7.408832 62.592000
7.409664 62.592000
7.410080 63.424000
7.410912 63.424000
7.411744 63.424000
7.412576 63.424000
7.413408 63.424000
7.414240 63.424000
7.415072 63.424000
7.415904 63.424000
7.416912 63.072000
7.418304 62.592000
7.420736 62.592000
7.422368 62.592000
7.424000 62.592000
7.425632 62.592000
7.428064 62.592000
7.429696 62.592000
7.431328 62.592000
7.432960 62.592000
7.434592 62.592000
7.436224 62.592000
7.437856 62.592000
7.439488 62.592000
7.441120 62.592000
7.442752 62.592000
7.444384 62.592000
7.446016 62.592000
7.447648 62.592000
7.449280 62.592000
7.450912 62.592000
7.452544 62.592000
7.454176 62.592000
7.455808 62.592000
7.457440 62.592000
7.459072 62.592000
7.460704 62.592000
7.462336 62.592000
7.463968 62.592000
7.464800 62.592000
7.466432 62.592000
7.467264 62.592000
7.468096 62.592000
7.468928 62.592000
7.469760 62.592000
7.470592 62.592000
7.471424 62.592000
7.472256 62.592000
7.473088 62.592000
7.473920 62.592000
7.474336 63.424000
7.475168 63.424000
7.476000 63.424000
7.476832 63.424000
7.477664 63.424000
7.478496 63.424000
7.479328 63.424000
7.480160 63.424000
7.481152 63.104000
7.483328 62.592000
7.484960 62.592000
7.486592 62.592000
7.488224 62.592000
7.490656 62.592000
7.492288 62.592000
7.493920 62.592000
7.495552 62.592000
7.497184 62.592000
7.498816 62.592000
7.500448 62.592000
7.502080 62.592000
7.503712 62.592000
7.505344 62.592000
7.506976 62.592000
7.508608 62.592000
7.510240 62.592000
7.511872 62.592000
7.513504 62.592000
7.515136 62.592000
7.516768 62.592000
7.518400 62.592000
7.520032 62.592000
7.521664 62.592000
7.523296 62.592000
7.524928 62.592000
7.526560 62.592000
7.527392 62.592000
7.529024 62.592000
7.529856 62.592000
7.530688 62.592000
7.531520 62.592000
7.532352 62.592000
7.533184 62.592000
7.534016 62.592000
7.534848 62.592000
7.535680 62.592000
7.536512 62.592000
7.537344 62.592000
7.537760 63.424000
7.538592 63.424000
7.539424 63.424000
7.540256 63.424000
7.541088 63.424000
7.541920 63.424000
7.542752 63.424000
7.543584 63.424000
7.544416 63.424000
7.545920 62.592000
7.547552 62.592000
7.549184 62.592000
7.550816 62.592000
7.553248 62.592000
7.554880 62.592000
7.556512 62.592000
7.558144 62.592000
7.559776 62.592000
7.561408 62.592000
7.563040 62.592000
7.564672 62.592000
7.566304 62.592000
7.567936 62.592000
7.569568 62.592000
7.571200 62.592000
7.572832 62.592000
7.574464 62.592000
7.576096 62.592000
7.577728 62.592000
7.579360 62.592000
7.580992 62.592000
7.582624 62.592000
7.584256 62.592000
7.585888 62.592000
7.587520 62.592000
7.589152 62.592000
7.589984 62.592000
7.591616 62.592000
7.592448 62.592000
7.593280 62.592000
7.594112 62.592000
7.594944 62.592000
7.595776 62.592000
7.596608 62.592000
7.597440 62.592000
7.598272 62.592000
7.599104 62.592000
7.599936 62.592000
7.600768 62.592000
7.601600 62.592000
7.602016 63.424000
7.602848 63.424000
7.603680 63.424000
7.604512 63.424000
7.605344 63.424000
7.606176 63.424000
7.607008 63.424000
7.607840 63.424000
7.608800 63.168000
7.610144 62.592000
7.611776 62.592000
7.613408 62.592000
7.615840 62.592000
7.617472 62.592000
7.619104 62.592000
7.620736 62.592000
7.622368 62.592000
7.624000 62.592000
7.625632 62.592000
7.627264 62.592000
7.628896 62.592000
7.630528 62.592000
7.632160 62.592000
7.633792 62.592000
7.635424 62.592000
7.637056 62.592000
7.638688 62.592000
7.640320 62.592000
7.641952 62.592000
7.643584 62.592000
7.645216 62.592000
7.646848 62.592000
7.648480 62.592000
7.650112 62.592000
7.651744 62.592000
7.652576 62.592000
7.654208 62.592000
7.655040 62.592000
7.655872 62.592000
7.656704 62.592000
7.657536 62.592000
7.658368 62.592000
7.659200 62.592000
7.660032 62.592000
7.660864 62.592000
7.661696 62.592000
7.662528 62.592000
7.663360 62.592000
7.664192 62.592000
7.665024 62.592000
7.665440 63.424000
7.666272 63.424000
7.667104 63.424000
7.667936 63.424000
7.668768 63.424000
7.669600 63.424000
7.670432 63.424000
7.671264 63.424000
7.672096 63.424000
7.673040 63.200000
7.674368 62.592000
7.676000 62.592000
7.678432 62.592000
7.680064 62.592000
7.681696 62.592000
7.683328 62.592000
7.684960 62.592000
7.686592 62.592000
7.688224 62.592000
7.689856 62.592000
7.691488 62.592000
7.693120 62.592000
7.694752 62.592000
7.696384 62.592000
7.698016 62.592000
7.699648 62.592000
7.701280 62.592000
7.702912 62.592000
7.704544 62.592000
7.706176 62.592000
7.707808 62.592000
7.709440 62.592000
7.711072 62.592000
7.712704 62.592000
7.714336 62.592000
7.715168 62.592000
7.716800 62.592000
7.717632 62.592000
7.718464 62.592000
7.719296 62.592000
7.720128 62.592000
7.720960 62.592000
7.721792 62.592000
7.722624 62.592000
7.723456 62.592000
7.724288 62.592000
7.725120 62.592000
7.725952 62.592000
7.726784 62.592000
7.727616 62.592000
7.728448 62.592000
7.729280 62.592000
7.729696 63.424000
7.730528 63.424000
7.731360 63.424000
7.732192 63.424000
7.733024 63.424000
7.733856 63.424000
7.734688 63.424000
7.735520 63.424000
7.736352 63.424000
7.737280 63.232000
7.738592 62.592000
7.741024 62.592000
7.742656 62.592000
7.744288 62.592000
7.745920 62.592000
7.747552 62.592000
7.749184 62.592000
7.750816 62.592000
7.752448 62.592000
7.754080 62.592000
7.755712 62.592000
7.757344 62.592000
7.758976 62.592000
7.760608 62.592000
7.762240 62.592000
7.763872 62.592000
7.765504 62.592000
7.767136 62.592000
7.768768 62.592000
7.770400 62.592000
7.772032 62.592000
7.773664 62.592000
7.775296 62.592000
7.776928 62.592000
7.777760 62.592000
7.779392 62.592000
7.780224 62.592000
7.781056 62.592000
7.781888 62.592000
7.782720 62.592000
7.783552 62.592000
7.784384 62.592000
7.785216 62.592000
7.786048 62.592000
7.786880 62.592000
7.787712 62.592000
7.788544 62.592000
7.789376 62.592000
7.790208 62.592000
7.791040 62.592000
7.791872 62.592000
7.792704 62.592000
7.793120 63.424000
7.793952 63.424000
7.794784 63.424000
7.795616 63.424000
7.796448 63.424000
7.797280 63.424000
7.798112 63.424000
7.798944 63.424000
7.799776 63.424000
7.800608 63.424000
7.801520 63.264000
7.803616 62.592000
7.805248 62.592000
7.806880 62.592000
7.808512 62.592000
7.810144 62.592000
7.811776 62.592000
7.813408 62.592000
7.815040 62.592000
7.816672 62.592000
7.818304 62.592000
7.819936 62.592000
7.821568 62.592000
7.823200 62.592000
7.824832 62.592000
7.826464 62.592000
7.828096 62.592000
7.829728 62.592000
7.831360 62.592000
7.832992 62.592000
7.834624 62.592000
7.836256 62.592000
7.837888 62.592000
7.839520 62.592000
7.840352 62.592000
7.841984 62.592000
7.842816 62.592000
7.843648 62.592000
7.844480 62.592000
7.845312 62.592000
7.846144 62.592000
7.846976 62.592000
7.847808 62.592000
7.848640 62.592000
7.849472 62.592000
7.850304 62.592000
7.851136 62.592000
7.851968 62.592000
7.852800 62.592000
7.853632 62.592000
7.854464 62.592000
7.855296 62.592000
7.856128 62.592000
7.856960 62.592000
7.857376 63.424000
7.858208 63.424000
7.859040 63.424000
7.859872 63.424000
7.860704 63.424000
7.861536 63.424000
7.862368 63.424000
7.863200 63.424000
7.864032 63.424000
7.864864 63.424000
7.866208 62.592000
7.867840 62.592000
7.869472 62.592000
7.871104 62.592000
7.872736 62.592000
7.874368 62.592000
7.876000 62.592000
7.877632 62.592000
7.879264 62.592000
7.880896 62.592000
7.882528 62.592000
7.884160 62.592000
7.885792 62.592000
7.887424 62.592000
7.889056 62.592000
7.890688 62.592000
7.892320 62.592000
7.893952 62.592000
7.895584 62.592000
7.897216 62.592000
7.898848 62.592000
7.900480 62.592000
7.902112 62.592000
7.902944 62.592000
7.904576 62.592000
7.905408 62.592000
7.906240 62.592000
7.907072 62.592000
7.907904 62.592000
7.908736 62.592000
7.909568 62.592000
7.910400 62.592000
7.911232 62.592000
7.912064 62.592000
7.912896 62.592000
7.913728 62.592000
7.914560 62.592000
7.915392 62.592000
7.916224 62.592000
7.917056 62.592000
7.917888 62.592000
7.918720 62.592000
7.919552 62.592000
7.920384 62.592000
7.920800 63.424000
7.921632 63.424000
7.922464 63.424000
7.923296 63.424000
7.924128 63.424000
7.924960 63.424000
7.925792 63.424000
7.926624 63.424000
7.927456 63.424000
7.928288 63.424000
7.929168 63.328000
7.930432 62.592000
7.932064 62.592000
7.933696 62.592000
7.935328 62.592000
7.936960 62.592000
7.938592 62.592000
7.940224 62.592000
7.941856 62.592000
7.943488 62.592000
7.945120 62.592000
7.946752 62.592000
7.948384 62.592000
7.950016 62.592000
7.951648 62.592000
7.953280 62.592000
7.954912 62.592000
7.956544 62.592000
7.958176 62.592000
7.959808 62.592000
7.961440 62.592000
7.963072 62.592000
7.964704 62.592000
7.965536 62.592000
7.967168 62.592000
7.968000 62.592000
7.968832 62.592000
7.969664 62.592000
7.970496 62.592000
7.971328 62.592000
7.972160 62.592000
7.972992 62.592000
7.973824 62.592000
7.974656 62.592000
7.975488 62.592000
7.976320 62.592000
7.977152 62.592000
7.977984 62.592000
7.978816 62.592000
7.979648 62.592000
7.980480 62.592000
7.981312 62.592000
7.982144 62.592000
7.982976 62.592000
7.983808 62.592000
7.984640 62.592000
7.985056 63.424000
7.985888 63.424000
7.986720 63.424000
7.987552 63.424000
7.988384 63.424000
7.989216 63.424000
7.990048 63.424000
7.990880 63.424000
7.991712 63.424000
7.992544 63.424000
7.993408 63.360000
7.994656 62.592000
7.996288 62.592000
7.997920 62.592000
7.999552 62.592000
8.001184 62.592000
8.002816 62.592000
8.004448 62.592000
8.006080 62.592000
8.007712 62.592000
8.009344 62.592000
8.010976 62.592000
8.012608 62.592000
8.014240 62.592000
8.015872 62.592000
8.017504 62.592000
8.019136 62.592000
8.020768 62.592000
8.022400 62.592000
8.024032 62.592000
8.025664 62.592000
8.027296 62.592000
8.028128 62.592000
8.029760 62.592000
8.030592 62.592000
8.031424 62.592000
8.032256 62.592000
8.033088 62.592000
8.033920 62.592000
8.034752 62.592000
8.035584 62.592000
8.036416 62.592000
8.037248 62.592000
8.038080 62.592000
8.038912 62.592000
8.039744 62.592000
8.040576 62.592000
8.041408 62.592000
8.042240 62.592000
8.043072 62.592000
8.043904 62.592000
8.044736 62.592000
8.045568 62.592000
8.046400 62.592000
8.047232 62.592000
8.048064 62.592000
8.048480 63.424000
8.049312 63.424000
8.050144 63.424000
8.050976 63.424000
8.051808 63.424000
8.052640 63.424000
8.053472 63.424000
8.054304 63.424000
8.055136 63.424000
8.055968 63.424000
8.056800 63.424000
8.057648 63.392000
8.058880 62.592000
8.060512 62.592000
8.062144 62.592000
8.063776 62.592000
8.065408 62.592000
8.067040 62.592000
8.068672 62.592000
8.070304 62.592000
8.071936 62.592000
8.073568 62.592000
8.075200 62.592000
8.076832 62.592000
8.078464 62.592000
8.080096 62.592000
8.081728 62.592000
8.083360 62.592000
8.084992 62.592000
8.086624 62.592000
8.088256 62.592000
8.089888 62.592000
8.090720 62.592000
8.092352 62.592000
8.093184 62.592000
8.094016 62.592000
8.094848 62.592000
8.095680 62.592000
8.096512 62.592000
8.097344 62.592000
8.098176 62.592000
8.099008 62.592000
8.099840 62.592000
8.100672 62.592000
8.101504 62.592000
8.102336 62.592000
8.103168 62.592000
8.104000 62.592000
8.104832 62.592000
8.105664 62.592000
8.106496 62.592000
8.107328 62.592000
8.108160 62.592000
8.108992 62.592000
8.109824 62.592000
8.110656 62.592000
8.111488 62.592000
8.112320 62.592000
8.112736 63.424000
8.113568 63.424000
8.114400 63.424000
8.115232 63.424000
8.116064 63.424000
8.116896 63.424000
8.117728 63.424000
8.118560 63.424000
8.119392 63.424000
8.120224 63.424000
8.121056 63.424000
8.121888 63.424000
8.123120 62.624000
8.124736 62.592000
8.126368 62.592000
8.128000 62.592000
8.129632 62.592000
8.131264 62.592000
8.132896 62.592000
8.134528 62.592000
8.136160 62.592000
8.137792 62.592000
8.139424 62.592000
8.141056 62.592000
8.142688 62.592000
8.144320 62.592000
8.145952 62.592000
8.147584 62.592000
8.149216 62.592000
8.150848 62.592000
8.152480 62.592000
8.153312 62.592000
8.154944 62.592000
8.155776 62.592000
8.156608 62.592000
8.157440 62.592000
8.158272 62.592000
8.159104 62.592000
8.159936 62.592000
8.160768 62.592000
8.161600 62.592000
8.162432 62.592000
8.163264 62.592000
8.164096 62.592000
8.164928 62.592000
8.165760 62.592000
8.166592 62.592000
8.167424 62.592000
8.168256 62.592000
8.169088 62.592000
8.169920 62.592000
8.170752 62.592000
8.171584 62.592000
8.172416 62.592000
8.173248 62.592000
8.174080 62.592000
8.174912 62.592000
8.175744 62.592000
8.176160 63.424000
8.176992 63.424000
8.177824 63.424000
8.178656 63.424000
8.179488 63.424000
8.180320 63.424000
8.181152 63.424000
8.181984 63.424000
8.182816 63.424000
8.183648 63.424000
8.184480 63.424000
8.185312 63.424000
8.186144 63.424000
8.187360 62.656000
8.188960 62.592000
8.190592 62.592000
8.192224 62.592000
8.193856 62.592000
8.195488 62.592000
8.197120 62.592000
8.198752 62.592000
8.200384 62.592000
8.202016 62.592000
8.203648 62.592000
8.205280 62.592000
8.206912 62.592000
8.208544 62.592000
8.210176 62.592000
8.211808 62.592000
8.213440 62.592000
8.215072 62.592000
8.215904 62.592000
8.217536 62.592000
8.218368 62.592000
8.219200 62.592000
8.220032 62.592000
8.220864 62.592000
8.221696 62.592000
8.222528 62.592000
8.223360 62.592000
8.224192 62.592000
8.225024 62.592000
8.225856 62.592000
8.226688 62.592000
8.227520 62.592000
8.228352 62.592000
8.229184 62.592000
8.230016 62.592000
8.230848 62.592000
8.231680 62.592000
8.232512 62.592000
8.233344 62.592000
8.234176 62.592000
8.235008 62.592000
8.235840 62.592000
8.236672 62.592000
8.237504 62.592000
8.238336 62.592000
8.239168 62.592000
8.240000 62.592000
8.240416 63.424000
8.241248 63.424000
8.242080 63.424000
8.242912 63.424000
8.243744 63.424000
8.244576 63.424000
8.245408 63.424000
8.246240 63.424000
8.247072 63.424000
8.247904 63.424000
8.248736 63.424000
8.249568 63.424000
8.250400 63.424000
8.251600 62.688000
8.253184 62.592000
8.254816 62.592000
8.256448 62.592000
8.258080 62.592000
8.259712 62.592000
8.261344 62.592000
8.262976 62.592000
8.264608 62.592000
8.266240 62.592000
8.267872 62.592000
8.269504 62.592000
8.271136 62.592000
8.272768 62.592000
8.274400 62.592000
8.276032 62.592000
8.277664 62.592000
8.278496 62.592000
8.280128 62.592000
8.280960 62.592000
8.281792 62.592000
8.282624 62.592000
8.283456 62.592000
8.284288 62.592000
8.285120 62.592000
8.285952 62.592000
8.286784 62.592000
8.287616 62.592000
8.288448 62.592000
8.289280 62.592000
8.290112 62.592000
8.290944 62.592000
8.291776 62.592000
8.292608 62.592000
8.293440 62.592000
8.294272 62.592000
8.295104 62.592000
8.295936 62.592000
8.296768 62.592000
8.297600 62.592000
8.298432 62.592000
8.299264 62.592000
8.300096 62.592000
8.300928 62.592000
8.301760 62.592000
8.302592 62.592000
8.303424 62.592000
8.303840 63.424000
8.304672 63.424000
8.305504 63.424000
8.306336 63.424000
8.307168 63.424000
8.308000 63.424000
8.308832 63.424000
8.309664 63.424000
8.310496 63.424000
8.311328 63.424000
8.312160 63.424000
8.312992 63.424000
8.313824 63.424000
8.314656 63.424000
8.315840 62.720000
8.317408 62.592000
8.319040 62.592000
8.320672 62.592000
8.322304 62.592000
8.323936 62.592000
8.325568 62.592000
8.327200 62.592000
8.328832 62.592000
8.330464 62.592000
8.332096 62.592000
8.333728 62.592000
8.335360 62.592000
8.336992 62.592000
8.338624 62.592000
8.340256 62.592000
8.341088 62.592000
8.342720 62.592000
8.343552 62.592000
8.344384 62.592000
8.345216 62.592000
8.346048 62.592000
8.346880 62.592000
8.347712 62.592000
8.348544 62.592000
8.349376 62.592000
8.350208 62.592000
8.351040 62.592000
8.351872 62.592000
8.352704 62.592000
8.353536 62.592000
8.354368 62.592000
8.355200 62.592000
8.356032 62.592000
8.356864 62.592000
8.357696 62.592000
8.358528 62.592000
8.359360 62.592000
8.360192 62.592000
8.361024 62.592000
8.361856 62.592000
8.362688 62.592000
8.363520 62.592000
8.364352 62.592000
8.365184 62.592000
8.366016 62.592000
8.366848 62.592000
8.367680 62.592000
8.368096 63.424000
8.368928 63.424000
8.369760 63.424000
8.370592 63.424000
8.371424 63.424000
8.372256 63.424000
8.373088 63.424000
8.373920 63.424000
8.374752 63.424000
8.375584 63.424000
8.376416 63.424000
8.377248 63.424000
8.378080 63.424000
8.378912 63.424000
8.380080 62.752000
8.381632 62.592000
8.383264 62.592000
8.384896 62.592000
8.386528 62.592000
8.388160 62.592000
8.389792 62.592000
8.391424 62.592000
8.393056 62.592000
8.394688 62.592000
8.396320 62.592000
8.397952 62.592000
8.399584 62.592000
8.401216 62.592000
8.402848 62.592000
8.403680 62.592000
8.405312 62.592000
8.406144 62.592000
8.406976 62.592000
8.407808 62.592000
8.408640 62.592000
8.409472 62.592000
8.410304 62.592000
8.411136 62.592000
8.411968 62.592000
8.412800 62.592000
8.413632 62.592000
8.414464 62.592000
8.415296 62.592000
8.416128 62.592000
8.416960 62.592000
8.417792 62.592000
8.418624 62.592000
8.419456 62.592000
8.420288 62.592000
8.421120 62.592000
8.421952 62.592000
8.422784 62.592000
8.423616 62.592000
8.424448 62.592000
8.425280 62.592000
8.426112 62.592000
8.426944 62.592000
8.427776 62.592000
8.428608 62.592000
8.429440 62.592000
8.430272 62.592000
8.431104 62.592000
8.431520 63.424000
8.432352 63.424000
8.433184 63.424000
8.434016 63.424000
8.434848 63.424000
8.435680 63.424000
8.436512 63.424000
8.437344 63.424000
8.438176 63.424000
8.439008 63.424000
8.439840 63.424000
8.440672 63.424000
8.441504 63.424000
8.442336 63.424000
8.443168 63.424000
8.444320 62.784000
8.445856 62.592000
8.447488 62.592000
8.449120 62.592000
8.450752 62.592000
8.452384 62.592000
8.454016 62.592000
8.455648 62.592000
8.457280 62.592000
8.458912 62.592000
8.460544 62.592000
8.462176 62.592000
8.463808 62.592000
8.465440 62.592000
8.466272 62.592000
8.467904 62.592000
8.468736 62.592000
8.469568 62.592000
8.470400 62.592000
8.471232 62.592000
8.472064 62.592000
8.472896 62.592000
8.473728 62.592000
8.474560 62.592000
8.475392 62.592000
8.476224 62.592000
8.477056 62.592000
8.477888 62.592000
8.478720 62.592000
8.479552 62.592000
8.480384 62.592000
8.481216 62.592000
8.482048 62.592000
8.482880 62.592000
8.483712 62.592000
8.484544 62.592000
8.485376 62.592000
8.486208 62.592000
8.487040 62.592000
8.487872 62.592000
8.488704 62.592000
8.489536 62.592000
8.490368 62.592000
8.491200 62.592000
8.492032 62.592000
8.492864 62.592000
8.493696 62.592000
8.494528 62.592000
8.495360 62.592000
8.495776 63.424000
8.496608 63.424000
8.497440 63.424000
8.498272 63.424000
8.499104 63.424000
8.499936 63.424000
8.500768 63.424000
8.501600 63.424000
8.502432 63.424000
8.503264 63.424000
8.504096 63.424000
8.504928 63.424000
8.505760 63.424000
8.506592 63.424000
8.507424 63.424000
8.508560 62.816000
8.510080 62.592000
8.511712 62.592000
8.513344 62.592000
8.514976 62.592000
8.516608 62.592000
8.518240 62.592000
8.519872 62.592000
8.521504 62.592000
8.523136 62.592000
8.524768 62.592000
8.526400 62.592000
8.528032 62.592000
8.528864 62.592000
8.530496 62.592000
8.531328 62.592000
8.532160 62.592000
8.532992 62.592000
8.533824 62.592000
8.534656 62.592000
8.535488 62.592000
8.536320 62.592000
8.537152 62.592000
8.537984 62.592000
8.538816 62.592000
8.539648 62.592000
8.540480 62.592000
8.541312 62.592000
8.542144 62.592000
8.542976 62.592000
8.543808 62.592000
8.544640 62.592000
8.545472 62.592000
8.546304 62.592000
8.547136 62.592000
8.547968 62.592000
8.548800 62.592000
8.549632 62.592000
8.550464 62.592000
8.551296 62.592000
8.552128 62.592000
8.552960 62.592000
8.553792 62.592000
8.554624 62.592000
8.555456 62.592000
8.556288 62.592000
8.557120 62.592000
8.557952 62.592000
8.558784 62.592000
8.559200 63.424000
8.560032 63.424000
8.560864 63.424000
8.561696 63.424000
8.562528 63.424000
8.563360 63.424000
8.564192 63.424000
8.565024 63.424000
8.565856 63.424000
8.566688 63.424000
8.567520 63.424000
8.568352 63.424000
8.569184 63.424000
8.570016 63.424000
8.570848 63.424000
8.571680 63.424000
8.572800 62.848000
8.574304 62.592000
8.575936 62.592000
8.577568 62.592000
8.579200 62.592000
8.580832 62.592000
8.582464 62.592000
8.584096 62.592000
8.585728 62.592000
8.587360 62.592000
8.588992 62.592000
8.590624 62.592000
8.591456 62.592000
8.593088 62.592000
8.593920 62.592000
8.594752 62.592000
8.595584 62.592000
8.596416 62.592000
8.597248 62.592000
8.598080 62.592000
8.598912 62.592000
8.599744 62.592000
8.600576 62.592000
8.601408 62.592000
8.602240 62.592000
8.603072 62.592000
8.603904 62.592000
8.604736 62.592000
8.605568 62.592000
8.606400 62.592000
8.607232 62.592000
8.608064 62.592000
8.608896 62.592000
8.609728 62.592000
8.610560 62.592000
8.611392 62.592000
8.612224 62.592000
8.613056 62.592000
8.613888 62.592000
8.614720 62.592000
8.615552 62.592000
8.616384 62.592000
8.617216 62.592000
8.618048 62.592000
8.618880 62.592000
8.619712 62.592000
8.620544 62.592000
8.621376 62.592000
8.622208 62.592000
8.623040 62.592000
8.623456 63.424000
8.624288 63.424000
8.625120 63.424000
8.625952 63.424000
8.626784 63.424000
8.627616 63.424000
8.628448 63.424000
8.629280 63.424000
8.630112 63.424000
8.630944 63.424000
8.631776 63.424000
8.632608 63.424000
8.633440 63.424000
8.634272 63.424000
8.635104 63.424000
8.635936 63.424000
8.637040 62.880000
8.638528 62.592000
8.640160 62.592000
8.641792 62.592000
8.643424 62.592000
8.645056 62.592000
8.646688 62.592000
8.648320 62.592000
8.649952 62.592000
8.651584 62.592000
8.653216 62.592000
8.654048 62.592000
8.655680 62.592000
8.656512 62.592000
8.657344 62.592000
8.658176 62.592000
8.659008 62.592000
8.659840 62.592000
8.660672 62.592000
8.661504 62.592000
8.662336 62.592000
8.663168 62.592000
8.664000 62.592000
8.664832 62.592000
8.665664 62.592000
8.666496 62.592000
8.667328 62.592000
8.668160 62.592000
8.668992 62.592000
8.669824 62.592000
8.670656 62.592000
8.671488 62.592000
8.672320 62.592000
8.673152 62.592000
8.673984 62.592000
8.674816 62.592000
8.675648 62.592000
8.676480 62.592000
8.677312 62.592000
8.678144 62.592000
8.678976 62.592000
8.679808 62.592000
8.680640 62.592000
8.681472 62.592000
8.682304 62.592000
8.683136 62.592000
8.683968 62.592000
8.684800 62.592000
8.685632 62.592000
8.686464 62.592000
8.686880 63.424000
8.687712 63.424000
8.688544 63.424000
8.689376 63.424000
8.690208 63.424000
8.691040 63.424000
8.691872 63.424000
8.692704 63.424000
8.693536 63.424000
8.694368 63.424000
8.695200 63.424000
8.696032 63.424000
8.696864 63.424000
8.697696 63.424000
8.698528 63.424000
8.699360 63.424000
8.700192 63.424000
8.701280 62.912000
8.702752 62.592000
8.704384 62.592000
8.706016 62.592000
8.707648 62.592000
8.709280 62.592000
8.710912 62.592000
8.712544 62.592000
8.714176 62.592000
8.715808 62.592000
8.716640 62.592000
8.718272 62.592000
8.719104 62.592000
8.719936 62.592000
8.720768 62.592000
8.721600 62.592000
8.722432 62.592000
8.723264 62.592000
8.724096 62.592000
8.724928 62.592000
8.725760 62.592000
8.726592 62.592000
8.727424 62.592000
8.728256 62.592000
8.729088 62.592000
8.729920 62.592000
8.730752 62.592000
8.731584 62.592000
8.732416 62.592000
8.733248 62.592000
8.734080 62.592000
8.734912 62.592000
8.735744 62.592000
8.736576 62.592000
8.737408 62.592000
8.738240 62.592000
8.739072 62.592000
8.739904 62.592000
8.740736 62.592000
8.741568 62.592000
8.742400 62.592000
8.743232 62.592000
8.744064 62.592000
8.744896 62.592000
8.745728 62.592000
8.746560 62.592000
8.747392 62.592000
8.748224 62.592000
8.749056 62.592000
8.749888 62.592000
8.750720 62.592000
8.751136 63.424000
8.751968 63.424000
8.752800 63.424000
8.753632 63.424000
8.754464 63.424000
8.755296 63.424000
8.756128 63.424000
8.756960 63.424000
8.757792 63.424000
8.758624 63.424000
8.759456 63.424000
8.760288 63.424000
8.761120 63.424000
8.761952 63.424000
8.762784 63.424000
8.763616 63.424000
8.764448 63.424000
8.765520 62.944000
8.766976 62.592000
8.768608 62.592000
8.770240 62.592000
8.771872 62.592000
8.773504 62.592000
8.775136 62.592000
8.776768 62.592000
8.778400 62.592000
8.779232 62.592000
8.780864 62.592000
8.781696 62.592000
8.782528 62.592000
8.783360 62.592000
8.784192 62.592000
8.785024 62.592000
8.785856 62.592000
8.786688 62.592000
8.787520 62.592000
8.788352 62.592000
8.789184 62.592000
8.790016 62.592000
8.790848 62.592000
8.791680 62.592000
8.792512 62.592000
8.793344 62.592000
8.794176 62.592000
8.795008 62.592000
8.795840 62.592000
8.796672 62.592000
8.797504 62.592000
8.798336 62.592000
8.799168 62.592000
8.800000 62.592000
8.800832 62.592000
8.801664 62.592000
8.802496 62.592000
8.803328 62.592000
8.804160 62.592000
8.804992 62.592000
8.805824 62.592000
8.806656 62.592000
8.807488 62.592000
8.808320 62.592000
8.809152 62.592000
8.809984 62.592000
8.810816 62.592000
8.811648 62.592000
8.812480 62.592000
8.813312 62.592000
8.814144 62.592000
8.814560 63.424000
8.815392 63.424000
8.816224 63.424000
8.817056 63.424000
8.817888 63.424000
8.818720 63.424000
8.819552 63.424000
8.820384 63.424000
8.821216 63.424000
8.822048 63.424000
8.822880 63.424000
8.823712 63.424000
8.824544 63.424000
8.825376 63.424000
8.826208 63.424000
8.827040 63.424000
8.827872 63.424000
8.828704 63.424000
8.829760 62.976000
8.831200 62.592000
8.832832 62.592000
8.834464 62.592000
8.836096 62.592000
8.837728 62.592000
8.839360 62.592000
8.840992 62.592000
8.841824 62.592000
8.843456 62.592000
8.844288 62.592000
8.845120 62.592000
8.845952 62.592000
8.846784 62.592000
8.847616 62.592000
8.848448 62.592000
8.849280 62.592000
8.850112 62.592000
8.850944 62.592000
8.851776 62.592000
8.852608 62.592000
8.853440 62.592000
8.854272 62.592000
8.855104 62.592000
8.855936 62.592000
8.856768 62.592000
8.857600 62.592000
8.858432 62.592000
8.859264 62.592000
8.860096 62.592000
8.860928 62.592000
8.861760 62.592000
8.862592 62.592000
8.863424 62.592000
8.864256 62.592000
8.865088 62.592000
8.865920 62.592000
8.866752 62.592000
8.867584 62.592000
8.868416 62.592000
8.869248 62.592000
8.870080 62.592000
8.870912 62.592000
8.871744 62.592000
8.872576 62.592000
8.873408 62.592000
8.874240 62.592000
8.875072 62.592000
8.875904 62.592000
8.876736 62.592000
8.877568 62.592000
8.878400 62.592000
8.878816 63.424000
8.879648 63.424000
8.880480 63.424000
8.881312 63.424000
8.882144 63.424000
8.882976 63.424000
8.883808 63.424000
8.884640 63.424000
8.885472 63.424000
8.886304 63.424000
8.887136 63.424000
8.887968 63.424000
8.888800 63.424000
8.889632 63.424000
8.890464 63.424000
8.891296 63.424000
8.892128 63.424000
8.892960 63.424000
8.894000 63.008000
8.895424 62.592000
8.897056 62.592000
8.898688 62.592000
8.900320 62.592000
8.901952 62.592000
8.903584 62.592000
8.904416 62.592000
8.906048 62.592000
8.906880 62.592000
8.907712 62.592000
8.908544 62.592000
8.909376 62.592000
8.910208 62.592000
8.911040 62.592000
8.911872 62.592000
8.912704 62.592000
8.913536 62.592000
8.914368 62.592000
8.915200 62.592000
8.916032 62.592000
8.916864 62.592000
8.917696 62.592000
8.918528 62.592000
8.919360 62.592000
8.920192 62.592000
8.921024 62.592000
8.921856 62.592000
8.922688 62.592000
8.923520 62.592000
8.924352 62.592000
8.925184 62.592000
8.926016 62.592000
8.926848 62.592000
8.927680 62.592000
8.928512 62.592000
8.929344 62.592000
8.930176 62.592000
8.931008 62.592000
8.931840 62.592000
8.932672 62.592000
8.933504 62.592000
8.934336 62.592000
8.935168 62.592000
8.936000 62.592000
8.936832 62.592000
8.937664 62.592000
8.938496 62.592000
8.939328 62.592000
8.940160 62.592000
8.940992 62.592000
8.941824 62.592000
8.942240 63.424000
8.943072 63.424000
8.943904 63.424000
8.944736 63.424000
8.945568 63.424000
8.946400 63.424000
8.947232 63.424000
8.948064 63.424000
8.948896 63.424000
8.949728 63.424000
8.950560 63.424000
8.951392 63.424000
8.952224 63.424000
8.953056 63.424000
8.953888 63.424000
8.954720 63.424000
8.955552 63.424000
8.956384 63.424000
8.957216 63.424000
8.958240 63.040000
8.959648 62.592000
8.961280 62.592000
8.962912 62.592000
8.964544 62.592000
8.966176 62.592000
8.967008 62.592000
8.968640 62.592000
8.969472 62.592000
8.970304 62.592000
8.971136 62.592000
8.971968 62.592000
8.972800 62.592000
8.973632 62.592000
8.974464 62.592000
8.975296 62.592000
8.976128 62.592000
8.976960 62.592000
8.977792 62.592000
8.978624 62.592000
8.979456 62.592000
8.980288 62.592000
8.981120 62.592000
8.981952 62.592000
8.982784 62.592000
8.983616 62.592000
8.984448 62.592000
8.985280 62.592000
8.986112 62.592000
8.986944 62.592000
8.987776 62.592000
8.988608 62.592000
8.989440 62.592000
8.990272 62.592000
8.991104 62.592000
8.991936 62.592000
8.992768 62.592000
8.993600 62.592000
8.994432 62.592000
8.995264 62.592000
8.996096 62.592000
8.996928 62.592000
8.997760 62.592000
8.998592 62.592000
8.999424 62.592000
9.000256 62.592000
9.001088 62.592000
9.001920 62.592000
9.002752 62.592000
9.003584 62.592000
9.004416 62.592000
9.005248 62.592000
9.006080 62.592000
9.006496 63.424000
9.007328 63.424000
9.008160 63.424000
9.008992 63.424000
9.009824 63.424000
9.010656 63.424000
9.011488 63.424000
9.012320 63.424000
9.013152 63.424000
9.013984 63.424000
9.014816 63.424000
9.015648 63.424000
9.016480 63.424000
9.017312 63.424000
9.018144 63.424000
9.018976 63.424000
9.019808 63.424000
9.020640 63.424000
9.021472 63.424000
9.022480 63.072000
9.023872 62.592000
9.025504 62.592000
9.027136 62.592000
9.028768 62.592000
9.029600 62.592000
9.031232 62.592000
