60.192
62.592
63.424
62.592
63.424
63.424
64.256
62.592
63.424
63.424
64.256
64.256
65.088
65.088
65.92
62.592
63.424
63.424
64.256
64.256
65.088
65.088
65.92
65.92
66.752
66.752
67.584
67.584
68.416
182.784
181.952
381.952
444.544
506.304
507.136
567.232
568.064
517.952
64.256
65.088
65.92
66.752
67.584
184.448
69.248
62.592
62.592
62.592
63.424
62.592
62.592
62.592
62.592
63.424
62.592
62.592
62.592
62.592
62.592
63.424
62.592
62.592
62.592
62.592
62.592
62.592
62.592
63.424
62.592
62.592
62.592
62.592
62.592
62.592
62.592
63.424
62.592
62.592
62.592
62.592
62.592
62.592
62.592
62.592
62.592
63.424
62.592
62.592
62.592
62.592
62.592
62.592
62.592
62.592
62.592
63.424
62.592
62.592
62.592
62.592
62.592
62.592
62.592
62.592
62.592
62.592
62.592
63.424
63.424
63.424
63.424
63.424
63.424
63.424
62.592
62.592
62.592
62.592
62.592
63.424
63.424
63.424
63.424
63.424
63.424
63.424
62.592
62.592
62.592
62.592
62.592
62.592
62.592
63.424
63.424
63.424
63.424
63.424
63.424
62.592
62.592
62.592
62.592
62.592
62.592
62.592
62.592
63.424
63.424
63.424
63.424
63.424
63.424
62.592
62.592
62.592
62.592
62.592
62.592
62.592
62.592
62.592
63.424
63.424
63.424
63.424
63.424
63.424
62.592
62.592
62.592
62.592
62.592
62.592
62.592
62.592
62.592
62.592
62.592
63.424
63.424
63.424
63.424
63.424
62.592
62.592
62.592
62.592
62.592
62.592
62.592
62.592
62.592
62.592
62.592
62.592
63.424
63.424
63.424
63.424
63.424
63.328
63.328
64.128
63.072
63.072
63.872
63.872
64.672
64.672
65.472
65.472
66.272
66.272
67.072
67.904
68.704
68.704
69.504
62.592
63.392
63.392
62.592
63.392
63.392
63.392
63.392
64.192
64.192
64.192
64.192
64.992
64.992
64.992
66.624
65.824
66.624
66.624
62.592
62.592
62.592
62.592
62.592
62.592
63.392
63.392
63.392
63.392
63.392
63.392
63.392
63.392
64.192
64.192
64.992
65.824
65.824
65.824
62.592
62.592
62.592
62.592
62.592
62.592
62.592
62.592
62.592
62.592
63.392
63.392
63.392
63.392
63.392
63.392
63.392
64.192
65.024
65.024
65.024
62.592
63.392
63.392
62.592
63.392
63.392
63.392
63.392
63.392
63.392
63.392
63.392
63.392
63.392
63.392
63.392
63.392
63.392
63.392
63.392
65.024
64.224
63.232
62.592
62.592
63.232
62.592
62.592
62.592
62.592
62.592
62.592
62.592
62.592
62.592
62.592
62.592
62.592
62.592
62.592
63.392
63.392
63.392
64.224
65.024
62.592
62.592
62.592
62.592
62.592
62.592
62.592
62.592
62.592
62.592
62.592
62.592
62.592
62.592
62.592
62.592
62.592
63.392
63.392
63.392
63.392
63.392
63.392
65.024
62.592
62.592
62.592
62.592
62.592
62.592
62.592
62.592
62.592
62.592
62.592
63.392
63.392
63.392
63.392
63.392
63.392
62.592
62.592
62.592
62.592
63.392
63.392
63.392
64.224
62.592
62.592
63.392
62.592
62.592
63.392
63.392
63.392
63.392
63.392
63.392
62.592
62.592
62.592
62.592
62.592
62.592
62.592
62.592
62.592
62.592
62.592
62.592
62.592
63.392
62.592
64.224
64.064
63.264
62.72
63.36
62.592
62.592
62.592
62.592
62.592
62.592
62.592
62.592
62.592
62.592
62.592
62.592
62.592
62.592
62.592
62.592
62.592
62.592
62.592
63.392
63.232
63.232
64.064
64.064
64.064
64.064
63.264
63.232
63.232
63.232
63.232
63.232
63.232
63.232
63.232
63.232
63.232
63.232
63.232
63.232
64.032
64.032
64.032
64.032
64.032
64.032
63.232
62.592
62.592
63.392
63.392
64.224
64.224
64.224
64.224
64.224
64.224
64.224
64.224
64.224
64.224
64.224
64.224
64.224
64.224
64.224
64.224
64.224
64.224
64.224
64.224
64.224
64.224
64.224
64.224
62.592
62.592
62.592
62.592
63.392
64.224
64.224
64.224
64.224
64.224
64.224
64.224
64.224
64.224
64.224
64.224
64.224
64.224
64.224
64.224
64.224
64.224
64.224
64.224
64.224
64.224
64.224
64.224
64.224
62.592
62.592
62.592
62.592
62.592
63.392
63.392
65.024
64.224
64.224
64.224
64.224
64.224
64.224
64.224
64.224
64.224
64.224
64.224
64.224
64.224
64.224
64.224
64.224
64.224
64.224
64.224
64.224
64.224
64.224
62.592
63.392
63.392
63.392
63.392
63.392
63.392
63.392
64.224
65.024
64.224
64.224
64.224
64.224
64.224
64.224
64.224
64.224
64.224
64.224
64.224
64.224
64.224
64.224
64.224
64.224
64.224
64.224
64.224
64.224
64.224
63.232
62.592
62.592
62.592
62.592
62.592
62.592
62.592
63.392
63.392
64.224
65.024
64.224
64.224
64.224
64.224
64.224
64.224
64.224
64.224
64.224
65.024
65.024
65.024
65.024
64.224
64.224
64.224
64.224
64.224
64.224
64.224
62.592
62.592
62.592
62.592
62.592
62.592
62.592
62.592
62.592
62.592
63.392
64.224
64.224
64.224
64.224
65.024
65.024
65.024
65.024
65.024
65.024
65.024
64.224
64.224
64.224
64.224
64.224
64.224
64.224
64.224
64.224
64.224
64.224
62.592
62.592
62.592
62.592
62.592
62.592
62.592
62.592
63.392
63.392
63.392
63.392
63.392
65.024
65.024
65.024
64.224
64.224
64.224
64.224
64.224
64.224
64.224
64.224
64.224
64.224
64.224
64.224
64.224
64.224
64.224
64.224
64.224
64.224
62.592
62.592
63.392
63.392
63.392
63.392
63.392
63.392
62.592
62.592
62.592
63.392
63.392
63.392
64.224
65.024
64.224
64.224
64.224
64.224
64.224
64.224
64.224
64.224
64.224
64.224
64.224
64.224
65.024
65.024
65.024
65.024
65.024
65.024
65.024
62.592
63.232
62.592
62.592
62.592
62.592
62.592
62.592
62.592
62.592
62.592
62.592
62.592
62.592
63.392
64.224
64.224
64.224
64.224
64.224
64.224
64.224
65.024
65.024
65.024
65.024
65.024
65.024
65.024
64.224
64.224
64.224
64.224
64.224
64.224
64.224
63.232
62.592
62.592
62.592
62.592
62.592
62.592
62.592
62.592
62.592
62.592
62.592
62.592
62.592
62.592
63.392
63.392
65.024
65.024
65.024
65.024
65.024
65.024
64.224
64.224
64.224
64.224
64.224
64.224
64.224
64.224
64.224
64.224
64.224
64.224
64.224
64.224
62.592
62.592
62.592
62.592
62.592
62.592
62.592
62.592
62.592
63.392
63.392
63.392
63.392
63.392
63.392
63.392
63.392
63.392
64.224
65.024
64.224
64.224
64.224
64.224
64.224
64.224
64.224
64.224
64.224
64.224
64.224
64.224
64.224
64.224
64.224
65.024
65.024
65.024
63.136
62.976
62.816
63.616
63.616
63.616
63.616
63.616
63.616
62.816
62.816
62.816
62.816
62.816
62.816
62.816
62.816
62.816
63.616
63.616
64.448
65.248
64.448
64.448
64.448
64.448
64.448
64.448
64.448
65.248
65.248
65.248
65.248
65.248
65.248
65.248
64.448
64.448
64.448
64.448
64.448
64.448
63.648
63.648
63.648
63.648
63.648
63.648
63.648
63.648
63.648
63.648
63.648
63.648
64.448
64.448
64.448
64.448
64.448
64.448
66.08
65.28
66.08
66.08
66.08
66.08
66.08
66.08
66.08
65.28
65.28
65.28
65.28
65.28
65.28
65.28
65.28
65.28
65.28
65.28
65.28
65.28
65.28
65.28
65.28
65.28
65.28
65.28
65.28
65.28
65.28
65.28
65.28
65.28
65.28
65.28
65.28
65.28
65.28
65.28
65.28
66.08
66.912
66.912
66.912
66.912
66.912
66.912
66.912
66.912
66.912
66.912
66.912
66.912
66.912
66.912
66.912
66.912
66.912
66.912
66.912
66.912
66.912
66.912
66.912
66.912
66.912
66.912
66.912
66.912
66.912
66.912
66.912
66.912
66.912
66.912
66.912
66.912
66.912
66.912
66.912
66.912
66.912
67.712
68.544
68.544
68.544
68.544
68.544
68.544
68.544
68.544
68.544
68.544
68.544
68.544
68.544
68.544
68.544
68.544
68.544
68.544
68.544
68.544
68.544
68.544
68.544
68.544
68.544
68.544
68.544
68.544
68.544
68.544
68.544
68.544
68.544
67.744
67.744
67.744
67.744
67.744
68.544
68.544
68.544
140.32
201.248
264.576
62.592
64.224
62.592
64.224
63.424
65.056
62.592
64.224
63.424
65.056
65.056
66.688
65.888
67.52
62.592
64.224
64.224
65.056
65.856
66.688
66.688
66.688
66.688
66.688
66.688
63.232
63.232
63.232
63.232
63.232
64.032
64.032
64.864
65.664
64.864
65.664
65.664
62.592
62.592
62.592
63.392
63.392
63.392
63.392
63.392
65.024
64.224
65.024
65.024
65.024
62.592
62.592
62.592
62.592
62.592
62.592
62.592
63.392
63.392
63.392
65.024
64.224
64.224
64.224
62.592
62.592
62.592
62.592
62.592
62.592
62.592
63.392
63.392
63.392
63.392
65.024
65.024
65.024
65.024
62.592
63.392
63.392
63.392
63.392
63.392
63.392
62.592
62.592
63.392
63.392
63.392
63.392
65.024
64.224
64.224
63.232
62.592
62.592
62.592
62.592
62.592
62.592
62.592
62.592
62.592
62.592
62.592
63.392
63.392
64.224
65.024
64.224
62.592
62.592
62.592
62.592
62.592
62.592
62.592
62.592
62.592
62.592
62.592
62.592
62.592
62.592
63.392
63.392
65.024
65.024
62.592
62.592
62.592
62.592
62.592
62.592
62.592
62.592
63.392
63.392
63.392
63.392
63.392
63.392
63.392
63.392
63.392
64.224
65.024
62.592
62.592
63.392
63.392
63.392
63.392
63.392
63.392
62.592
62.592
62.592
62.592
62.592
62.592
62.592
62.592
62.592
63.392
63.392
64.224
62.592
63.232
62.592
62.592
62.592
62.592
62.592
62.592
62.592
62.592
62.592
62.592
62.592
62.592
62.592
62.592
62.592
62.592
62.592
63.392
64.224
63.232
62.592
62.592
62.592
62.592
62.592
62.592
62.592
62.592
62.592
62.592
62.592
62.592
62.592
62.592
63.392
63.392
63.392
63.392
63.392
63.392
62.592
64.224
63.264
63.104
63.104
63.104
63.104
63.104
63.104
63.104
63.904
63.904
63.904
63.904
63.904
63.904
63.104
63.104
63.104
63.104
63.104
63.904
62.592
62.592
64.224
64.224
64.224
64.224
64.224
64.224
64.224
64.224
64.224
63.424
63.424
63.424
64.224
64.224
64.224
64.224
64.224
64.224
64.224
64.224
64.224
62.592
62.592
62.592
63.392
64.224
64.224
64.224
64.224
64.224
64.224
64.224
64.224
64.224
64.224
64.224
64.224
64.224
64.224
64.224
64.224
64.224
64.224
64.224
64.224
62.592
63.392
63.392
63.392
63.392
65.024
64.224
64.224
64.224
64.224
64.224
64.224
64.224
64.224
64.224
64.224
64.224
64.224
64.224
64.224
64.224
64.224
64.224
64.224
64.224
63.232
62.592
62.592
62.592
63.392
63.392
63.392
65.024
64.224
64.224
64.224
64.224
64.224
64.224
64.224
64.224
64.224
64.224
64.224
64.224
64.224
64.224
64.224
64.224
64.224
64.224
62.592
62.592
62.592
62.592
62.592
62.592
63.392
63.392
64.224
65.024
64.224
64.224
64.224
64.224
64.224
65.024
65.024
65.024
64.224
64.224
64.224
64.224
64.224
64.224
64.224
64.224
64.224
62.592
62.592
62.592
62.592
62.592
62.592
62.592
62.592
63.392
63.392
65.024
65.024
65.024
65.024
65.024
65.024
64.224
64.224
64.224
64.224
64.224
64.224
64.224
64.224
64.224
64.224
64.224
64.224
62.592
62.592
63.392
63.392
63.392
63.392
63.392
63.392
63.392
63.392
63.392
64.224
65.024
64.224
64.224
64.224
64.224
64.224
64.224
64.224
64.224
64.224
64.224
64.224
64.224
64.224
64.224
64.224
65.024
62.592
63.232
62.592
62.592
62.592
62.592
62.592
62.592
62.592
62.592
62.592
63.392
64.224
64.224
64.224
64.224
64.224
64.224
64.224
64.224
64.224
64.224
65.024
65.024
65.024
65.024
65.024
65.024
65.024
64.224
63.232
62.592
62.592
62.592
62.592
62.592
62.592
62.592
62.592
62.592
62.592
62.592
63.392
63.392
64.224
65.024
65.024
65.024
65.024
65.024
65.024
65.024
65.024
64.224
64.224
64.224
64.224
64.224
64.224
64.224
64.224
62.592
62.592
62.592
62.592
62.592
62.592
62.592
62.592
62.592
63.392
63.392
63.392
63.392
63.392
63.392
65.024
64.224
64.224
64.224
64.224
64.224
64.224
64.224
64.224
64.224
64.224
64.224
64.224
64.224
64.224
64.224
64.224
62.592
62.592
62.592
63.392
63.392
63.392
63.392
63.392
63.392
62.592
62.592
62.592
62.592
62.592
63.392
63.392
63.392
65.024
64.224
64.224
64.224
64.224
64.224
64.224
64.224
64.224
64.224
64.224
64.224
65.024
65.024
65.024
65.024
62.592
62.592
63.232
62.592
62.592
62.592
62.592
62.592
62.592
62.592
62.592
62.592
62.592
62.592
62.592
62.592
63.392
63.392
64.224
65.024
64.224
64.224
64.224
65.024
65.024
65.024
65.024
65.024
65.024
65.024
64.224
64.224
64.224
64.224
62.592
63.232
62.592
62.592
62.592
62.592
62.592
62.592
62.592
62.592
62.592
62.592
62.592
62.592
62.592
62.592
63.392
63.392
63.392
63.392
65.024
65.024
65.024
65.024
64.224
64.224
64.224
64.224
64.224
64.224
64.224
64.224
64.224
64.224
64.224
63.232
62.592
62.592
62.592
62.592
62.592
62.592
62.592
62.592
62.592
63.392
63.392
63.392
63.392
63.392
63.392
62.592
62.592
63.392
63.392
63.392
64.224
65.024
64.224
64.224
64.224
64.224
64.224
64.224
64.224
64.224
64.224
64.224
64.224
64.224
64.224
62.592
62.592
62.592
62.592
63.392
63.392
63.392
63.392
63.392
63.392
62.592
62.592
62.592
62.592
62.592
62.592
62.592
62.592
62.592
62.592
62.592
63.392
63.392
64.224
65.024
64.224
64.224
64.224
64.224
64.224
65.024
65.024
65.024
65.024
65.024
65.024
65.024
62.592
62.592
62.592
63.232
62.592
62.592
62.592
62.592
62.592
62.592
62.592
62.592
62.592
62.592
62.592
62.592
62.592
62.592
62.592
62.592
62.592
62.592
62.592
63.392
65.024
64.224
65.024
65.024
65.024
65.024
65.024
64.224
64.224
64.224
64.224
64.224
64.224
64.224
63.296
63.136
63.776
62.976
62.816
62.816
62.816
62.816
62.816
62.816
62.816
62.816
62.816
62.816
62.816
62.816
62.816
63.616
63.616
63.616
63.616
63.616
63.616
63.616
63.616
63.616
65.248
64.448
64.448
64.448
64.448
64.448
64.448
64.448
64.448
64.448
64.448
64.448
64.448
64.448
64.448
63.648
63.648
64.448
64.448
64.448
64.448
64.448
64.448
64.448
64.448
64.448
64.448
64.448
64.448
64.448
63.648
63.648
63.648
63.648
63.648
63.648
63.648
63.648
64.448
64.448
65.28
66.08
66.08
66.08
66.08
66.08
66.08
66.08
66.08
66.08
66.08
66.08
66.08
65.28
65.28
65.28
65.28
65.28
65.28
65.28
65.28
65.28
65.28
65.28
65.28
65.28
65.28
65.28
65.28
65.28
65.28
65.28
65.28
65.28
65.28
65.28
65.28
65.28
65.28
65.28
66.08
66.08
66.912
66.912
66.912
66.912
66.912
66.912
66.912
66.912
66.912
66.912
66.912
66.912
66.912
66.912
66.912
66.912
66.912
66.912
66.912
66.912
66.912
66.912
66.912
66.912
66.912
66.912
66.912
66.912
66.912
66.912
66.912
66.912
66.912
66.912
66.912
66.912
66.912
66.912
66.912
66.912
66.912
67.712
68.544
68.544
68.544
68.544
68.544
68.544
68.544
68.544
68.544
68.544
68.544
68.544
68.544
68.544
68.544
68.544
67.744
67.744
67.744
67.744
67.744
68.544
68.544
68.544
68.544
68.544
68.544
68.544
68.544
68.544
68.544
68.544
68.544
68.544
68.544
68.544
68.544
68.544
68.544
68.544
68.544
68.544
68.544
67.744
69.376
68.576
67.776
68.576
68.576
68.576
68.576
68.576
68.576
68.576
68.576
68.576
68.576
68.576
68.576
68.576
68.576
68.576
68.576
68.576
67.776
67.776
67.776
67.776
67.776
67.776
67.776
67.776
68.576
68.576
68.576
68.576
68.576
68.576
68.576
68.576
68.576
68.576
68.576
68.576
68.576
140.384
201.312
264.224
62.592
64.224
62.592
64.224
63.424
65.056
62.592
63.424
62.624
63.456
63.456
64.288
63.488
64.32
62.592
63.424
63.424
64.256
64.256
65.088
65.088
65.088
65.088
65.088
65.088
62.592
62.592
62.592
62.592
62.592
62.592
62.592
63.424
63.424
63.424
63.424
63.424
62.592
62.592
62.592
62.592
62.592
62.592
62.592
62.592
63.424
63.424
63.424
63.424
63.424
62.592
62.592
62.592
62.592
62.592
62.592
62.592
62.592
62.592
62.592
63.424
63.424
63.424
63.424
62.592
62.592
62.592
62.592
62.592
62.592
62.592
62.592
62.592
62.592
62.592
63.424
63.424
63.424
63.424
62.592
62.592
62.592
62.592
62.592
62.592
62.592
62.592
62.592
62.592
62.592
62.592
62.592
63.424
63.424
63.424
62.592
62.592
62.592
62.592
62.592
62.592
62.592
62.592
62.592
62.592
62.592
62.592
62.592
62.592
63.424
63.424
63.424
62.592
62.592
62.592
62.592
62.592
62.592
62.592
62.592
62.592
62.592
62.592
62.592
62.592
62.592
62.592
62.592
63.424
63.424
62.592
62.592
62.592
62.592
62.592
62.592
62.592
62.592
62.592
62.592
62.592
62.592
62.592
62.592
62.592
62.592
62.592
63.424
63.424
62.592
62.592
62.592
62.592
62.592
62.592
62.592
62.592
62.592
62.592
62.592
62.592
62.592
62.592
62.592
62.592
62.592
62.592
62.592
63.424
62.592
62.592
62.592
62.592
62.592
62.592
62.592
62.592
62.592
62.592
62.592
62.592
62.592
62.592
62.592
62.592
62.592
62.592
62.592
62.592
63.424
62.592
62.592
62.592
62.592
62.592
62.592
62.592
62.592
62.592
62.592
62.592
62.592
62.592
62.592
62.592
62.592
62.592
62.592
62.592
62.592
62.592
62.592
63.424
63.424
63.424
63.424
63.424
63.424
63.424
63.424
63.424
63.424
63.424
63.424
63.424
63.424
63.424
63.424
63.424
63.424
63.424
63.424
63.424
62.592
62.592
63.424
63.424
63.424
63.424
63.424
63.424
63.424
63.424
63.424
63.424
63.424
63.424
63.424
63.424
63.424
63.424
63.424
63.424
63.424
63.424
63.424
62.592
62.592
62.592
62.592
63.424
63.424
63.424
63.424
63.424
63.424
63.424
63.424
63.424
63.424
63.424
63.424
63.424
63.424
63.424
63.424
63.424
63.424
63.424
63.424
62.592
62.592
62.592
62.592
62.592
63.424
63.424
63.424
63.424
63.424
63.424
63.424
63.424
63.424
63.424
63.424
63.424
63.424
63.424
63.424
63.424
63.424
63.424
63.424
63.424
62.592
62.592
62.592
62.592
62.592
62.592
62.592
63.424
63.424
63.424
63.424
63.424
63.424
63.424
63.424
63.424
63.424
63.424
63.424
63.424
63.424
63.424
63.424
63.424
63.424
63.424
62.592
62.592
62.592
62.592
62.592
62.592
62.592
62.592
63.424
63.424
63.424
63.424
63.424
63.424
63.424
63.424
63.424
63.424
63.424
63.424
63.424
63.424
63.424
63.424
63.424
63.424
63.424
62.592
62.592
62.592
62.592
62.592
62.592
62.592
62.592
62.592
62.592
63.424
63.424
63.424
63.424
63.424
63.424
63.424
63.424
63.424
63.424
63.424
63.424
63.424
63.424
63.424
63.424
63.424
63.424
62.592
62.592
62.592
62.592
62.592
62.592
62.592
62.592
62.592
62.592
62.592
63.424
63.424
63.424
63.424
63.424
63.424
63.424
63.424
63.424
63.424
63.424
63.424
63.424
63.424
63.424
63.424
63.424
63.424
62.592
62.592
62.592
62.592
62.592
62.592
62.592
62.592
62.592
62.592
62.592
62.592
63.424
63.424
63.424
63.424
63.424
63.424
63.424
63.424
63.424
63.424
63.424
63.424
63.424
63.424
63.424
63.424
63.424
63.424
62.592
62.592
62.592
62.592
62.592
62.592
62.592
62.592
62.592
62.592
62.592
62.592
62.592
62.592
63.424
63.424
63.424
63.424
63.424
63.424
63.424
63.424
63.424
63.424
63.424
63.424
63.424
63.424
63.424
63.424
63.424
62.592
62.592
62.592
62.592
62.592
62.592
62.592
62.592
62.592
62.592
62.592
62.592
62.592
62.592
62.592
63.424
63.424
63.424
63.424
63.424
63.424
63.424
63.424
63.424
63.424
63.424
63.424
63.424
63.424
63.424
63.424
63.424
62.592
62.592
62.592
62.592
62.592
62.592
62.592
62.592
62.592
62.592
62.592
62.592
62.592
62.592
62.592
62.592
62.592
63.424
63.424
63.424
63.424
63.424
63.424
63.424
63.424
63.424
63.424
63.424
63.424
63.424
63.424
63.424
63.424
62.592
62.592
62.592
62.592
62.592
62.592
62.592
62.592
62.592
62.592
62.592
62.592
62.592
62.592
62.592
62.592
62.592
62.592
63.424
63.424
63.424
63.424
63.424
63.424
63.424
63.424
63.424
63.424
63.424
63.424
63.424
63.424
63.424
63.424
62.592
62.592
62.592
62.592
62.592
62.592
62.592
62.592
62.592
62.592
62.592
62.592
62.592
62.592
62.592
62.592
62.592
62.592
62.592
62.592
63.424
63.424
63.424
63.424
63.424
63.424
63.424
63.424
63.424
63.424
63.424
63.424
63.424
63.424
63.424
62.592
62.592
62.592
62.592
62.592
62.592
62.592
62.592
62.592
62.592
62.592
62.592
62.592
62.592
62.592
62.592
62.592
62.592
62.592
62.592
62.592
63.424
63.424
63.424
63.424
63.424
63.424
63.424
63.424
63.424
63.424
63.424
63.424
63.424
63.424
63.424
62.592
62.592
62.592
62.592
62.592
62.592
62.592
62.592
62.592
62.592
62.592
62.592
62.592
62.592
62.592
62.592
62.592
62.592
62.592
62.592
62.592
62.592
62.592
63.424
63.424
63.424
63.424
63.424
63.424
63.424
63.424
63.424
63.424
63.424
63.424
63.424
63.424
62.592
62.592
62.592
62.592
62.592
62.592
62.592
62.592
62.592
62.592
62.592
62.592
62.592
62.592
62.592
62.592
62.592
62.592
62.592
62.592
62.592
62.592
62.592
62.592
63.424
63.424
63.424
63.424
63.424
63.424
63.424
63.424
63.424
63.424
63.424
63.424
63.424
63.424
62.592
62.592
62.592
62.592
62.592
62.592
62.592
62.592
62.592
62.592
62.592
62.592
62.592
62.592
62.592
62.592
62.592
62.592
62.592
62.592
62.592
62.592
62.592
62.592
62.592
62.592
63.424
63.424
63.424
63.424
63.424
63.424
63.424
63.424
63.424
63.424
63.424
63.424
63.424
62.592
62.592
62.592
62.592
62.592
62.592
62.592
62.592
62.592
62.592
62.592
62.592
62.592
62.592
62.592
62.592
62.592
62.592
62.592
62.592
62.592
62.592
62.592
62.592
62.592
62.592
62.592
63.424
63.424
63.424
63.424
63.424
63.424
63.424
63.424
63.424
63.424
63.424
63.424
63.424
