60.192
62.592
63.424
62.592
63.424
63.424
64.256
62.592
63.424
63.424
64.256
64.256
65.088
65.088
65.92
62.592
63.424
63.424
64.256
64.256
65.088
65.088
65.92
65.92
66.752
66.752
67.584
67.584
68.416
68.416
69.248
62.592
63.424
63.424
64.256
64.256
65.088
65.088
65.92
65.92
66.752
66.752
67.584
67.584
68.416
68.416
69.248
69.248
70.08
70.08
70.912
70.912
71.744
71.744
72.576
72.576
73.408
73.408
74.24
176.128
237.888
377.792
440.384
502.144
502.976
563.072
563.904
564.736
623.168
624.0
624.832
625.664
681.6
682.432
683.264
684.096
684.928
646.464
64.256
64.256
65.088
65.92
66.752
67.584
68.416
69.248
70.08
70.912
71.744
72.576
138.496
201.088
314.368
62.592
63.424
62.592
63.424
63.424
64.256
62.592
62.592
62.592
62.592
62.592
63.424
63.424
63.424
63.424
62.592
62.592
63.424
63.424
63.424
63.424
62.592
62.592
62.592
62.592
63.424
63.424
63.424
62.592
62.592
62.592
62.592
62.592
63.424
63.424
63.424
62.592
62.592
62.592
62.592
62.592
62.592
62.592
63.424
63.424
62.752
62.752
63.552
63.552
64.352
65.152
65.152
65.952
66.784
67.584
62.592
63.392
63.392
63.392
63.392
63.392
64.192
64.192
64.192
65.824
65.024
62.592
62.592
62.592
63.392
63.392
63.392
63.392
63.392
63.392
63.392
64.192
65.024
62.592
62.592
62.592
62.592
62.592
62.592
62.592
63.392
63.392
63.392
63.392
64.192
65.024
62.592
63.392
63.392
63.392
63.392
63.392
63.392
62.592
63.392
63.392
63.392
63.392
63.392
63.232
64.064
63.264
63.264
63.264
63.264
63.264
63.264
63.264
63.264
63.264
63.264
63.264
64.064
62.592
63.392
64.224
64.224
64.224
64.224
64.224
64.224
64.224
64.224
64.224
64.224
64.224
64.224
64.224
62.592
62.592
63.392
63.392
64.224
64.224
64.224
64.224
64.224
64.224
64.224
64.224
64.224
64.224
64.224
64.224
62.592
62.592
62.592
62.592
63.392
64.224
64.224
64.224
64.224
64.224
64.224
64.224
64.224
64.224
64.224
64.224
64.224
62.592
63.392
63.392
63.392
63.392
63.392
63.392
65.024
64.224
64.224
64.224
64.224
64.224
64.224
64.224
64.224
64.224
64.224
63.232
62.592
62.592
62.592
62.592
63.392
63.392
63.392
64.224
65.024
64.224
64.224
64.224
64.224
64.224
64.224
64.224
64.224
64.224
62.592
62.592
62.592
62.592
62.592
62.592
62.592
62.592
63.392
63.392
64.224
65.024
64.224
64.224
64.224
65.024
65.024
65.024
65.024
65.024
62.592
62.592
62.592
62.592
62.592
62.592
62.592
62.592
63.392
63.392
63.392
65.024
64.224
65.024
65.024
65.024
64.224
64.224
64.224
64.224
64.224
62.592
62.592
63.392
63.392
63.392
63.392
63.392
63.392
62.592
62.592
63.392
63.392
63.392
65.024
64.224
64.224
64.224
64.224
64.224
64.224
64.224
64.224
62.592
63.232
62.592
62.592
62.592
62.592
62.592
62.592
62.592
62.592
62.592
62.592
63.392
63.392
64.224
65.024
64.224
64.224
64.224
64.224
64.224
64.224
65.024
63.232
62.592
62.592
62.592
62.592
62.592
62.592
62.592
62.592
62.592
62.592
62.592
62.592
62.592
63.392
63.392
65.024
65.024
65.024
65.024
65.024
65.024
65.024
64.224
62.592
62.592
62.592
62.592
62.592
62.592
62.592
62.592
62.592
63.392
63.392
63.392
63.392
63.392
63.392
63.392
63.392
64.224
65.024
64.224
64.224
64.224
64.224
64.224
64.224
62.592
62.592
62.592
63.392
63.392
63.392
63.392
63.392
63.392
62.592
62.592
62.592
62.592
62.592
62.592
62.592
62.592
63.392
63.392
64.224
65.024
64.224
64.224
64.224
64.224
64.224
62.592
62.592
63.232
62.592
62.592
62.592
62.592
62.592
62.592
62.592
62.592
62.592
62.592
62.592
62.592
62.592
62.592
62.592
62.592
63.392
64.224
64.224
65.024
65.024
65.024
65.024
65.024
62.592
63.232
62.592
62.592
62.592
62.592
62.592
62.592
62.592
62.592
62.592
62.592
62.592
62.592
62.592
62.592
63.392
63.392
63.392
63.392
63.392
63.392
65.024
64.224
64.224
64.224
64.224
64.224
63.232
62.592
62.592
62.592
62.592
62.592
62.592
62.592
62.592
62.592
63.392
63.392
63.392
63.392
63.392
63.392
62.592
62.592
62.592
62.592
63.392
63.392
63.392
64.224
65.024
64.224
64.224
64.224
64.224
62.592
62.592
62.592
62.592
63.392
63.392
63.392
63.392
63.392
63.392
62.592
62.592
62.592
62.592
62.592
62.592
62.592
62.592
62.592
62.592
62.592
62.592
62.592
63.392
64.224
64.224
64.224
64.224
64.224
64.224
62.592
62.592
62.592
63.232
62.592
62.592
62.592
62.592
62.592
62.592
62.592
62.592
62.592
62.592
62.592
62.592
62.592
62.592
62.592
62.592
62.592
62.592
62.592
63.392
63.392
63.392
65.024
65.024
65.024
65.024
65.024
62.592
62.592
63.232
62.592
62.592
62.592
62.592
62.592
62.592
62.592
62.592
62.592
62.592
62.592
62.592
62.592
62.592
63.392
63.392
63.392
63.392
63.392
63.392
62.592
63.392
63.392
63.392
64.224
65.024
64.224
64.224
64.224
62.592
63.232
62.592
62.592
62.592
62.592
62.592
62.592
62.592
62.592
62.592
63.392
63.392
63.392
63.392
63.392
63.392
62.592
62.592
62.592
62.592
62.592
62.592
62.592
62.592
62.592
62.592
63.392
63.392
64.224
65.024
64.224
64.224
63.232
62.592
62.592
62.592
62.592
63.392
63.392
63.392
63.392
63.392
63.392
62.592
62.592
62.592
62.592
62.592
62.592
62.592
62.592
62.592
62.592
62.592
62.592
62.592
62.592
62.592
62.592
62.592
62.592
63.392
65.024
64.224
65.024
65.024
62.592
62.592
62.592
62.592
63.232
62.592
62.592
62.592
62.592
62.592
62.592
62.592
62.592
62.592
62.592
62.592
62.592
62.592
62.592
62.592
62.592
62.592
62.592
62.592
63.392
63.392
63.392
63.392
63.392
63.392
63.392
63.392
65.024
64.224
64.224
62.592
62.592
62.592
63.232
62.592
62.592
62.592
62.592
62.592
62.592
62.592
62.592
62.592
62.592
62.592
62.592
62.592
62.592
63.392
63.392
63.392
63.392
63.392
63.392
62.592
62.592
62.592
62.592
62.592
62.592
62.592
63.392
63.392
64.224
65.024
64.224
62.592
62.592
63.232
62.592
62.592
62.592
62.592
62.592
62.592
62.592
62.592
62.592
63.392
63.392
63.392
63.392
63.392
63.392
62.592
62.592
62.592
62.592
62.592
62.592
62.592
62.592
62.592
62.592
62.592
62.592
62.592
62.592
62.592
63.392
63.392
64.224
65.024
62.624
63.264
62.592
62.592
62.592
62.592
63.392
63.392
63.392
63.392
63.392
63.392
62.592
62.592
62.592
62.592
62.592
62.592
62.592
62.592
62.592
62.592
62.592
62.592
62.592
62.592
62.592
62.592
62.592
62.592
62.592
63.392
63.392
63.392
63.392
63.392
65.024
64.224
64.224
63.424
63.296
63.136
62.976
63.616
62.816
62.816
62.816
62.816
62.816
62.816
62.816
62.816
62.816
62.816
62.816
62.816
62.816
62.816
62.816
62.816
62.816
62.816
62.816
63.616
63.616
63.616
63.616
63.616
63.616
62.816
62.816
62.816
62.816
63.616
63.616
63.616
65.248
64.448
64.448
64.448
64.448
64.448
63.648
63.648
63.648
63.648
63.648
63.648
63.648
64.448
64.448
64.448
64.448
64.448
64.448
64.448
64.448
64.448
64.448
64.448
64.448
64.448
63.648
63.648
63.648
63.648
63.648
63.648
63.648
63.648
63.648
63.648
63.648
63.648
64.448
64.448
66.08
65.28
65.28
65.28
65.28
65.28
65.28
65.28
65.28
65.28
65.28
65.28
65.28
65.28
65.28
65.28
65.28
65.28
65.28
65.28
65.28
65.28
65.28
65.28
65.28
65.28
65.28
65.28
65.28
65.28
65.28
65.28
65.28
65.28
65.28
65.28
65.28
65.28
65.28
65.28
65.28
66.08
66.912
66.912
66.912
66.912
66.912
66.912
66.912
66.912
66.912
66.912
66.912
66.912
66.912
66.912
66.912
66.912
66.912
66.912
66.912
66.912
66.912
66.912
66.912
66.912
66.912
66.912
66.912
66.912
66.912
66.912
66.912
66.912
66.912
66.912
66.912
66.912
66.912
66.912
66.912
66.912
66.912
67.712
68.544
68.544
68.544
68.544
68.544
68.544
68.544
68.544
68.544
68.544
68.544
68.544
67.744
67.744
67.744
67.744
67.744
68.544
68.544
68.544
68.544
68.544
68.544
68.544
68.544
68.544
68.544
68.544
68.544
68.544
68.544
68.544
68.544
68.544
68.544
68.544
68.544
68.544
68.544
68.544
68.544
68.544
69.344
69.344
70.176
70.176
70.176
70.176
70.176
70.176
70.176
70.176
70.176
70.176
70.176
70.176
70.176
70.176
70.176
70.176
69.376
69.376
69.376
69.376
69.376
69.376
69.376
69.376
70.176
70.176
70.176
70.176
70.176
70.176
70.176
70.176
70.176
70.176
70.176
70.176
70.176
70.176
70.176
70.176
70.176
70.176
70.176
70.176
71.808
71.008
71.008
71.008
71.008
71.008
71.808
71.808
71.808
71.808
71.808
71.808
71.808
71.808
71.808
71.808
71.808
71.808
71.808
71.808
71.808
71.808
71.808
71.808
71.008
71.008
71.008
71.008
71.008
71.008
71.008
71.808
71.808
71.808
71.808
71.808
71.808
71.808
71.808
71.808
71.808
71.808
71.808
71.808
71.808
72.608
73.44
73.44
73.44
73.44
73.44
72.64
72.64
72.64
72.64
72.64
72.64
73.44
73.44
73.44
73.44
73.44
73.44
73.44
73.44
73.44
73.44
73.44
73.44
73.44
73.44
73.44
73.44
73.44
73.44
73.44
72.64
72.64
72.64
72.64
72.64
72.64
73.44
73.44
73.44
73.44
73.44
73.44
73.44
73.44
150.912
212.672
265.024
62.592
64.224
62.592
64.224
63.424
65.056
62.592
64.224
63.424
65.056
65.056
66.688
65.888
67.52
62.592
64.224
64.224
65.056
65.856
66.688
66.688
66.688
66.688
66.688
66.688
63.232
63.232
63.232
63.232
63.232
64.032
64.032
64.864
65.664
64.864
65.664
65.664
62.592
62.592
62.592
63.392
63.392
63.392
63.392
63.392
65.024
64.224
65.024
65.024
65.024
62.592
62.592
62.592
62.592
62.592
62.592
62.592
63.392
63.392
63.392
65.024
64.224
64.224
64.224
62.592
62.592
62.592
62.592
62.592
62.592
62.592
63.392
63.392
63.392
63.392
65.024
65.024
65.024
65.024
62.592
63.392
63.392
63.392
63.392
63.392
63.392
62.592
62.592
63.392
63.392
63.392
63.392
65.024
64.224
64.224
63.232
62.592
62.592
62.592
62.592
62.592
62.592
62.592
62.592
62.592
62.592
62.592
63.392
63.392
64.224
65.024
64.224
62.592
62.592
62.592
62.592
62.592
62.592
62.592
62.592
62.592
62.592
62.592
62.592
62.592
62.592
63.392
63.392
65.024
65.024
62.592
62.592
62.592
62.592
62.592
62.592
62.592
62.592
63.392
63.392
63.392
63.392
63.392
63.392
63.392
63.392
63.392
64.224
65.024
62.592
62.592
63.392
63.392
63.392
63.392
63.392
63.392
62.592
62.592
62.592
62.592
62.592
62.592
62.592
62.592
62.592
63.392
63.392
64.224
62.592
63.232
62.592
62.592
62.592
62.592
62.592
62.592
62.592
62.592
62.592
62.592
62.592
62.592
62.592
62.592
62.592
62.592
62.592
63.392
64.224
63.232
62.592
62.592
62.592
62.592
62.592
62.592
62.592
62.592
62.592
62.592
62.592
62.592
62.592
62.592
63.392
63.392
63.392
63.392
63.392
63.392
62.592
64.224
63.264
63.104
63.104
63.104
63.104
63.104
63.104
63.104
63.904
63.904
63.904
63.904
63.904
63.904
63.104
63.104
63.104
63.104
63.104
63.904
62.592
62.592
64.224
64.224
64.224
64.224
64.224
64.224
64.224
64.224
64.224
63.424
63.424
63.424
64.224
64.224
64.224
64.224
64.224
64.224
64.224
64.224
64.224
62.592
62.592
62.592
63.392
64.224
64.224
64.224
64.224
64.224
64.224
64.224
64.224
64.224
64.224
64.224
64.224
64.224
64.224
64.224
64.224
64.224
64.224
64.224
64.224
62.592
63.392
63.392
63.392
63.392
65.024
64.224
64.224
64.224
64.224
64.224
64.224
64.224
64.224
64.224
64.224
64.224
64.224
64.224
64.224
64.224
64.224
64.224
64.224
64.224
63.232
62.592
62.592
62.592
63.392
63.392
63.392
65.024
64.224
64.224
64.224
64.224
64.224
64.224
64.224
64.224
64.224
64.224
64.224
64.224
64.224
64.224
64.224
64.224
64.224
64.224
62.592
62.592
62.592
62.592
62.592
62.592
63.392
63.392
64.224
65.024
64.224
64.224
64.224
64.224
64.224
65.024
65.024
65.024
64.224
64.224
64.224
64.224
64.224
64.224
64.224
64.224
64.224
62.592
62.592
62.592
62.592
62.592
62.592
62.592
62.592
63.392
63.392
65.024
65.024
65.024
65.024
65.024
65.024
64.224
64.224
64.224
64.224
64.224
64.224
64.224
64.224
64.224
64.224
64.224
64.224
62.592
62.592
63.392
63.392
63.392
63.392
63.392
63.392
63.392
63.392
63.392
64.224
65.024
64.224
64.224
64.224
64.224
64.224
64.224
64.224
64.224
64.224
64.224
64.224
64.224
64.224
64.224
64.224
65.024
62.592
63.232
62.592
62.592
62.592
62.592
62.592
62.592
62.592
62.592
62.592
63.392
64.224
64.224
64.224
64.224
64.224
64.224
64.224
64.224
64.224
64.224
65.024
65.024
65.024
65.024
65.024
65.024
65.024
64.224
63.232
62.592
62.592
62.592
62.592
62.592
62.592
62.592
62.592
62.592
62.592
62.592
63.392
63.392
64.224
65.024
65.024
65.024
65.024
65.024
65.024
65.024
65.024
64.224
64.224
64.224
64.224
64.224
64.224
64.224
64.224
62.592
62.592
62.592
62.592
62.592
62.592
62.592
62.592
62.592
63.392
63.392
63.392
63.392
63.392
63.392
65.024
64.224
64.224
64.224
64.224
64.224
64.224
64.224
64.224
64.224
64.224
64.224
64.224
64.224
64.224
64.224
64.224
62.592
62.592
62.592
63.392
63.392
63.392
63.392
63.392
63.392
62.592
62.592
62.592
62.592
62.592
63.392
63.392
63.392
65.024
64.224
64.224
64.224
64.224
64.224
64.224
64.224
64.224
64.224
64.224
64.224
65.024
65.024
65.024
65.024
62.592
62.592
63.232
62.592
62.592
62.592
62.592
62.592
62.592
62.592
62.592
62.592
62.592
62.592
62.592
62.592
63.392
63.392
64.224
65.024
64.224
64.224
64.224
65.024
65.024
65.024
65.024
65.024
65.024
65.024
64.224
64.224
64.224
64.224
62.592
63.232
62.592
62.592
62.592
62.592
62.592
62.592
62.592
62.592
62.592
62.592
62.592
62.592
62.592
62.592
63.392
63.392
63.392
63.392
65.024
65.024
65.024
65.024
64.224
64.224
64.224
64.224
64.224
64.224
64.224
64.224
64.224
64.224
64.224
63.232
62.592
62.592
62.592
62.592
62.592
62.592
62.592
62.592
62.592
63.392
63.392
63.392
63.392
63.392
63.392
62.592
62.592
63.392
63.392
63.392
64.224
65.024
64.224
64.224
64.224
64.224
64.224
64.224
64.224
64.224
64.224
64.224
64.224
64.224
64.224
62.592
62.592
62.592
62.592
63.392
63.392
63.392
63.392
63.392
63.392
62.592
62.592
62.592
62.592
62.592
62.592
62.592
62.592
62.592
62.592
62.592
63.392
63.392
64.224
65.024
64.224
64.224
64.224
64.224
64.224
65.024
65.024
65.024
65.024
65.024
65.024
65.024
62.592
62.592
62.592
63.232
62.592
62.592
62.592
62.592
62.592
62.592
62.592
62.592
62.592
62.592
62.592
62.592
62.592
62.592
62.592
62.592
62.592
62.592
62.592
63.392
65.024
64.224
65.024
65.024
65.024
65.024
65.024
64.224
64.224
64.224
64.224
64.224
64.224
64.224
63.296
63.136
63.776
62.976
62.816
62.816
62.816
62.816
62.816
62.816
62.816
62.816
62.816
62.816
62.816
62.816
62.816
63.616
63.616
63.616
63.616
63.616
63.616
63.616
63.616
63.616
65.248
64.448
64.448
64.448
64.448
64.448
64.448
64.448
64.448
64.448
64.448
64.448
64.448
64.448
64.448
63.648
63.648
64.448
64.448
64.448
64.448
64.448
64.448
64.448
64.448
64.448
64.448
64.448
64.448
64.448
63.648
63.648
63.648
63.648
63.648
63.648
63.648
63.648
64.448
64.448
65.28
66.08
66.08
66.08
66.08
66.08
65.28
64.48
63.68
62.88
62.592
62.592
62.592
62.592
62.592
62.592
62.592
62.592
62.592
62.592
62.592
62.592
62.592
62.592
62.592
62.592
62.592
62.592
62.592
62.592
62.592
62.592
62.592
62.592
62.592
62.592
62.592
62.592
62.592
62.592
62.592
62.592
63.424
62.624
62.592
62.592
62.592
62.592
62.592
62.592
62.592
62.592
62.592
62.592
62.592
62.592
62.592
62.592
62.592
62.592
62.592
62.592
62.592
62.592
62.592
62.592
62.592
62.592
62.592
62.592
62.592
62.592
62.592
62.592
62.592
62.592
62.592
62.592
62.592
62.592
62.592
62.592
62.592
62.592
63.424
63.424
62.656
62.592
62.592
62.592
62.592
62.592
62.592
62.592
62.592
62.592
62.592
62.592
62.592
62.592
62.592
62.592
62.592
62.592
62.592
62.592
62.592
62.592
62.592
62.592
62.592
62.592
62.592
62.592
62.592
62.592
62.592
62.592
62.592
62.592
62.592
62.592
62.592
62.592
62.592
62.592
62.592
62.592
63.424
63.424
62.688
62.592
62.592
62.592
62.592
62.592
62.592
62.592
62.592
62.592
62.592
62.592
62.592
62.592
62.592
62.592
62.592
62.592
62.592
62.592
62.592
62.592
62.592
62.592
62.592
62.592
62.592
62.592
62.592
62.592
62.592
62.592
62.592
62.592
62.592
62.592
62.592
62.592
62.592
62.592
62.592
62.592
63.424
63.424
63.424
62.72
62.72
62.72
62.72
62.72
62.592
62.592
62.592
62.592
62.592
62.592
62.592
62.592
62.592
62.592
62.592
62.592
62.592
62.592
62.592
62.592
62.592
62.592
62.592
62.592
62.592
62.592
62.592
62.592
62.592
62.592
62.592
62.592
62.592
62.592
62.592
62.592
62.592
62.592
62.592
62.592
62.592
62.592
63.424
63.424
63.424
63.424
63.424
63.424
63.424
63.04
62.592
62.592
62.592
62.592
62.592
62.592
62.592
62.592
62.592
62.592
62.592
62.592
62.592
62.592
62.592
62.592
62.592
62.592
62.592
62.592
62.592
62.592
62.592
62.592
62.592
62.592
62.592
62.592
62.592
62.592
62.592
62.592
62.592
62.592
62.592
62.592
62.592
62.592
63.424
63.424
63.424
63.424
63.424
63.424
63.424
63.424
63.072
62.592
62.592
62.592
62.592
62.592
62.592
62.592
62.592
62.592
62.592
62.592
62.592
62.592
62.592
62.592
62.592
62.592
62.592
62.592
62.592
62.592
62.592
62.592
62.592
62.592
62.592
62.592
62.592
62.592
62.592
62.592
62.592
62.592
62.592
62.592
62.592
62.592
62.592
62.592
63.424
63.424
63.424
63.424
63.424
63.424
63.424
63.424
63.104
62.592
62.592
62.592
62.592
62.592
62.592
62.592
62.592
62.592
62.592
62.592
62.592
62.592
62.592
62.592
62.592
62.592
62.592
62.592
62.592
62.592
62.592
62.592
62.592
62.592
62.592
62.592
62.592
62.592
62.592
62.592
62.592
62.592
62.592
62.592
62.592
62.592
62.592
62.592
63.424
63.424
63.424
63.424
63.424
63.424
63.424
63.424
63.424
62.592
62.592
62.592
62.592
62.592
62.592
62.592
62.592
62.592
62.592
62.592
62.592
62.592
62.592
62.592
62.592
62.592
62.592
62.592
62.592
62.592
62.592
62.592
62.592
62.592
62.592
62.592
62.592
62.592
62.592
62.592
62.592
62.592
62.592
62.592
62.592
62.592
62.592
62.592
62.592
62.592
63.424
63.424
63.424
63.424
63.424
63.424
63.424
63.424
63.168
62.592
62.592
62.592
62.592
62.592
62.592
62.592
62.592
62.592
62.592
62.592
62.592
62.592
62.592
62.592
62.592
62.592
62.592
62.592
62.592
62.592
62.592
62.592
62.592
62.592
62.592
62.592
62.592
62.592
62.592
62.592
62.592
62.592
62.592
62.592
62.592
62.592
62.592
62.592
62.592
62.592
63.424
63.424
63.424
63.424
63.424
63.424
63.424
63.424
63.424
63.2
62.592
62.592
62.592
62.592
62.592
62.592
62.592
62.592
62.592
62.592
62.592
62.592
62.592
62.592
62.592
62.592
62.592
62.592
62.592
62.592
62.592
62.592
62.592
62.592
62.592
62.592
62.592
62.592
62.592
62.592
62.592
62.592
62.592
62.592
62.592
62.592
62.592
62.592
62.592
62.592
62.592
62.592
63.424
63.424
63.424
63.424
63.424
63.424
63.424
63.424
63.424
63.232
62.592
62.592
62.592
62.592
62.592
62.592
62.592
62.592
62.592
62.592
62.592
62.592
62.592
62.592
62.592
62.592
62.592
62.592
62.592
62.592
62.592
62.592
62.592
62.592
62.592
62.592
62.592
62.592
62.592
62.592
62.592
62.592
62.592
62.592
62.592
62.592
62.592
62.592
62.592
62.592
62.592
62.592
63.424
63.424
63.424
63.424
63.424
63.424
63.424
63.424
63.424
63.424
63.264
62.592
62.592
62.592
62.592
62.592
62.592
62.592
62.592
62.592
62.592
62.592
62.592
62.592
62.592
62.592
62.592
62.592
62.592
62.592
62.592
62.592
62.592
62.592
62.592
62.592
62.592
62.592
62.592
62.592
62.592
62.592
62.592
62.592
62.592
62.592
62.592
62.592
62.592
62.592
62.592
62.592
62.592
62.592
63.424
63.424
63.424
63.424
63.424
63.424
63.424
63.424
63.424
63.424
62.592
62.592
62.592
62.592
62.592
62.592
62.592
62.592
62.592
62.592
62.592
62.592
62.592
62.592
62.592
62.592
62.592
62.592
62.592
62.592
62.592
62.592
62.592
62.592
62.592
62.592
62.592
62.592
62.592
62.592
62.592
62.592
62.592
62.592
62.592
62.592
62.592
62.592
62.592
62.592
62.592
62.592
62.592
62.592
63.424
63.424
63.424
63.424
63.424
63.424
63.424
63.424
63.424
63.424
63.328
62.592
62.592
62.592
62.592
62.592
62.592
62.592
62.592
62.592
62.592
62.592
62.592
62.592
62.592
62.592
62.592
62.592
62.592
62.592
62.592
62.592
62.592
62.592
62.592
62.592
62.592
62.592
62.592
62.592
62.592
62.592
62.592
62.592
62.592
62.592
62.592
62.592
62.592
62.592
62.592
62.592
62.592
62.592
62.592
62.592
63.424
63.424
63.424
63.424
63.424
63.424
63.424
63.424
63.424
63.424
63.36
62.592
62.592
62.592
62.592
62.592
62.592
62.592
62.592
62.592
62.592
62.592
62.592
62.592
62.592
62.592
62.592
62.592
62.592
62.592
62.592
62.592
62.592
62.592
62.592
62.592
62.592
62.592
62.592
62.592
62.592
62.592
62.592
62.592
62.592
62.592
62.592
62.592
62.592
62.592
62.592
62.592
62.592
62.592
62.592
62.592
63.424
63.424
63.424
63.424
63.424
63.424
63.424
63.424
63.424
63.424
63.424
63.392
62.592
62.592
62.592
62.592
62.592
62.592
62.592
62.592
62.592
62.592
62.592
62.592
62.592
62.592
62.592
62.592
62.592
62.592
62.592
62.592
62.592
62.592
62.592
62.592
62.592
62.592
62.592
62.592
62.592
62.592
62.592
62.592
62.592
62.592
62.592
62.592
62.592
62.592
62.592
62.592
62.592
62.592
62.592
62.592
62.592
62.592
63.424
63.424
63.424
63.424
63.424
63.424
63.424
63.424
63.424
63.424
63.424
63.424
62.624
62.592
62.592
62.592
62.592
62.592
62.592
62.592
62.592
62.592
62.592
62.592
62.592
62.592
62.592
62.592
62.592
62.592
62.592
62.592
62.592
62.592
62.592
62.592
62.592
62.592
62.592
62.592
62.592
62.592
62.592
62.592
62.592
62.592
62.592
62.592
62.592
62.592
62.592
62.592
62.592
62.592
62.592
62.592
62.592
62.592
63.424
63.424
63.424
63.424
63.424
63.424
63.424
63.424
63.424
63.424
63.424
63.424
63.424
62.656
62.592
62.592
62.592
62.592
62.592
62.592
62.592
62.592
62.592
62.592
62.592
62.592
62.592
62.592
62.592
62.592
62.592
62.592
62.592
62.592
62.592
62.592
62.592
62.592
62.592
62.592
62.592
62.592
62.592
62.592
62.592
62.592
62.592
62.592
62.592
62.592
62.592
62.592
62.592
62.592
62.592
62.592
62.592
62.592
62.592
62.592
63.424
63.424
63.424
63.424
63.424
63.424
63.424
63.424
63.424
63.424
63.424
63.424
63.424
62.688
62.592
62.592
62.592
62.592
62.592
62.592
62.592
62.592
62.592
62.592
62.592
62.592
62.592
62.592
62.592
62.592
62.592
62.592
62.592
62.592
62.592
62.592
62.592
62.592
62.592
62.592
62.592
62.592
62.592
62.592
62.592
62.592
62.592
62.592
62.592
62.592
62.592
62.592
62.592
62.592
62.592
62.592
62.592
62.592
62.592
62.592
63.424
63.424
63.424
63.424
63.424
63.424
63.424
63.424
63.424
63.424
63.424
63.424
63.424
63.424
62.72
62.592
62.592
62.592
62.592
62.592
62.592
62.592
62.592
62.592
62.592
62.592
62.592
62.592
62.592
62.592
62.592
62.592
62.592
62.592
62.592
62.592
62.592
62.592
62.592
62.592
62.592
62.592
62.592
62.592
62.592
62.592
62.592
62.592
62.592
62.592
62.592
62.592
62.592
62.592
62.592
62.592
62.592
62.592
62.592
62.592
62.592
62.592
63.424
63.424
63.424
63.424
63.424
63.424
63.424
63.424
63.424
63.424
63.424
63.424
63.424
63.424
62.752
62.592
62.592
62.592
62.592
62.592
62.592
62.592
62.592
62.592
62.592
62.592
62.592
62.592
62.592
62.592
62.592
62.592
62.592
62.592
62.592
62.592
62.592
62.592
62.592
62.592
62.592
62.592
62.592
62.592
62.592
62.592
62.592
62.592
62.592
62.592
62.592
62.592
62.592
62.592
62.592
62.592
62.592
62.592
62.592
62.592
62.592
62.592
63.424
63.424
63.424
63.424
63.424
63.424
63.424
63.424
63.424
63.424
63.424
63.424
63.424
63.424
63.424
62.784
62.592
62.592
62.592
62.592
62.592
62.592
62.592
62.592
62.592
62.592
62.592
62.592
62.592
62.592
62.592
62.592
62.592
62.592
62.592
62.592
62.592
62.592
62.592
62.592
62.592
62.592
62.592
62.592
62.592
62.592
62.592
62.592
62.592
62.592
62.592
62.592
62.592
62.592
62.592
62.592
62.592
62.592
62.592
62.592
62.592
62.592
62.592
62.592
63.424
63.424
63.424
63.424
63.424
63.424
63.424
63.424
63.424
63.424
63.424
63.424
63.424
63.424
63.424
62.816
62.592
62.592
62.592
62.592
62.592
62.592
62.592
62.592
62.592
62.592
62.592
62.592
62.592
62.592
62.592
62.592
62.592
62.592
62.592
62.592
62.592
62.592
62.592
62.592
62.592
62.592
62.592
62.592
62.592
62.592
62.592
62.592
62.592
62.592
62.592
62.592
62.592
62.592
62.592
62.592
62.592
62.592
62.592
62.592
62.592
62.592
62.592
62.592
63.424
63.424
63.424
63.424
63.424
63.424
63.424
63.424
63.424
63.424
63.424
63.424
63.424
63.424
63.424
63.424
62.848
62.592
62.592
62.592
62.592
62.592
62.592
62.592
62.592
62.592
62.592
62.592
62.592
62.592
62.592
62.592
62.592
62.592
62.592
62.592
62.592
62.592
62.592
62.592
62.592
62.592
62.592
62.592
62.592
62.592
62.592
62.592
62.592
62.592
62.592
62.592
62.592
62.592
62.592
62.592
62.592
62.592
62.592
62.592
62.592
62.592
62.592
62.592
62.592
62.592
63.424
63.424
63.424
63.424
63.424
63.424
63.424
63.424
63.424
63.424
63.424
63.424
63.424
63.424
63.424
63.424
62.88
62.592
62.592
62.592
62.592
62.592
62.592
62.592
62.592
62.592
62.592
62.592
62.592
62.592
62.592
62.592
62.592
62.592
62.592
62.592
62.592
62.592
62.592
62.592
62.592
62.592
62.592
62.592
62.592
62.592
62.592
62.592
62.592
62.592
62.592
62.592
62.592
62.592
62.592
62.592
62.592
62.592
62.592
62.592
62.592
62.592
62.592
62.592
62.592
62.592
63.424
63.424
63.424
63.424
63.424
63.424
63.424
63.424
63.424
63.424
63.424
63.424
63.424
63.424
63.424
63.424
63.424
62.912
62.592
62.592
62.592
62.592
62.592
62.592
62.592
62.592
62.592
62.592
62.592
62.592
62.592
62.592
62.592
62.592
62.592
62.592
62.592
62.592
62.592
62.592
62.592
62.592
62.592
62.592
62.592
62.592
62.592
62.592
62.592
62.592
62.592
62.592
62.592
62.592
62.592
62.592
62.592
62.592
62.592
62.592
62.592
62.592
62.592
62.592
62.592
62.592
62.592
62.592
63.424
63.424
63.424
63.424
63.424
63.424
63.424
63.424
63.424
63.424
63.424
63.424
63.424
63.424
63.424
63.424
63.424
62.944
62.592
62.592
62.592
62.592
62.592
62.592
62.592
62.592
62.592
62.592
62.592
62.592
62.592
62.592
62.592
62.592
62.592
62.592
62.592
62.592
62.592
62.592
62.592
62.592
62.592
62.592
62.592
62.592
62.592
62.592
62.592
62.592
62.592
62.592
62.592
62.592
62.592
62.592
62.592
62.592
62.592
62.592
62.592
62.592
62.592
62.592
62.592
62.592
62.592
62.592
63.424
63.424
63.424
63.424
63.424
63.424
63.424
63.424
63.424
63.424
63.424
63.424
63.424
63.424
63.424
63.424
63.424
63.424
62.976
62.592
62.592
62.592
62.592
62.592
62.592
62.592
62.592
62.592
62.592
62.592
62.592
62.592
62.592
62.592
62.592
62.592
62.592
62.592
62.592
62.592
62.592
62.592
62.592
62.592
62.592
62.592
62.592
62.592
62.592
62.592
62.592
62.592
62.592
62.592
62.592
62.592
62.592
62.592
62.592
62.592
62.592
62.592
62.592
62.592
62.592
62.592
62.592
62.592
62.592
62.592
63.424
63.424
63.424
63.424
63.424
63.424
63.424
63.424
63.424
63.424
63.424
63.424
63.424
63.424
63.424
63.424
63.424
63.424
63.008
62.592
62.592
62.592
62.592
62.592
62.592
62.592
62.592
62.592
62.592
62.592
62.592
62.592
62.592
62.592
62.592
62.592
62.592
62.592
62.592
62.592
62.592
62.592
62.592
62.592
62.592
62.592
62.592
62.592
62.592
62.592
62.592
62.592
62.592
62.592
62.592
62.592
62.592
62.592
62.592
62.592
62.592
62.592
62.592
62.592
62.592
62.592
62.592
62.592
62.592
62.592
63.424
63.424
63.424
63.424
63.424
63.424
63.424
63.424
63.424
63.424
63.424
63.424
63.424
63.424
63.424
63.424
63.424
63.424
63.424
63.04
62.592
62.592
62.592
62.592
62.592
62.592
62.592
62.592
62.592
62.592
62.592
62.592
62.592
62.592
62.592
62.592
62.592
62.592
62.592
62.592
62.592
62.592
62.592
62.592
62.592
62.592
62.592
62.592
62.592
62.592
62.592
62.592
62.592
62.592
62.592
62.592
62.592
62.592
62.592
62.592
62.592
62.592
62.592
62.592
62.592
62.592
62.592
62.592
62.592
62.592
62.592
62.592
63.424
63.424
63.424
63.424
63.424
63.424
63.424
63.424
63.424
63.424
63.424
63.424
63.424
63.424
63.424
63.424
63.424
63.424
63.424
63.072
62.592
62.592
62.592
62.592
62.592
62.592
