0.030096 60.192000
0.091488 62.592000
0.091904 63.424000
0.154080 62.592000
0.154496 63.424000
0.155328 63.424000
0.155744 64.256000
0.216672 62.592000
0.217088 63.424000
0.217920 63.424000
0.218336 64.256000
0.219168 64.256000
0.219584 65.088000
0.220416 65.088000
0.220832 65.920000
0.279264 62.592000
0.279680 63.424000
0.280512 63.424000
0.280928 64.256000
0.281760 64.256000
0.282176 65.088000
0.283008 65.088000
0.283424 65.920000
0.284256 65.920000
0.284672 66.752000
0.285504 66.752000
0.285920 67.584000
0.286752 67.584000
0.287168 68.416000
0.345184 182.784000
0.408192 181.952000
0.509024 381.952000
0.541152 444.544000
0.572864 506.304000
0.574112 507.136000
0.604992 567.232000
0.606240 568.064000
0.695552 517.952000
0.923232 64.256000
0.923648 65.088000
0.924064 65.920000
0.924480 66.752000
0.924896 67.584000
0.983328 184.448000
1.047584 69.248000
1.054240 62.592000
1.106848 62.592000
1.113504 62.592000
1.113920 63.424000
1.116832 62.592000
1.169440 62.592000
1.176096 62.592000
1.176928 62.592000
1.177344 63.424000
1.179424 62.592000
1.232032 62.592000
1.238688 62.592000
1.239520 62.592000
1.240352 62.592000
1.240768 63.424000
1.242016 62.592000
1.294624 62.592000
1.301280 62.592000
1.302112 62.592000
1.302944 62.592000
1.303776 62.592000
1.304608 62.592000
1.305024 63.424000
1.357216 62.592000
1.363872 62.592000
1.364704 62.592000
1.365536 62.592000
1.366368 62.592000
1.367200 62.592000
1.368032 62.592000
1.368448 63.424000
1.419808 62.592000
1.426464 62.592000
1.427296 62.592000
1.428128 62.592000
1.428960 62.592000
1.429792 62.592000
1.430624 62.592000
1.431456 62.592000
1.482400 62.592000
1.482816 63.424000
1.489056 62.592000
1.489888 62.592000
1.490720 62.592000
1.491552 62.592000
1.492384 62.592000
1.493216 62.592000
1.494048 62.592000
1.544992 62.592000
1.545824 62.592000
1.546240 63.424000
1.551648 62.592000
1.552480 62.592000
1.553312 62.592000
1.554144 62.592000
1.554976 62.592000
1.555808 62.592000
1.556640 62.592000
1.607584 62.592000
1.608416 62.592000
1.609248 62.592000
1.614240 62.592000
1.614656 63.424000
1.615488 63.424000
1.616320 63.424000
1.617152 63.424000
1.617984 63.424000
1.618816 63.424000
1.619648 63.424000
1.670176 62.592000
1.671008 62.592000
1.671840 62.592000
1.676832 62.592000
1.677664 62.592000
1.678080 63.424000
1.678912 63.424000
1.679744 63.424000
1.680576 63.424000
1.681408 63.424000
1.682240 63.424000
1.683072 63.424000
1.732768 62.592000
1.733600 62.592000
1.734432 62.592000
1.739424 62.592000
1.740256 62.592000
1.741088 62.592000
1.741920 62.592000
1.742336 63.424000
1.743168 63.424000
1.744000 63.424000
1.744832 63.424000
1.745664 63.424000
1.746496 63.424000
1.795360 62.592000
1.796192 62.592000
1.797024 62.592000
1.802016 62.592000
1.802848 62.592000
1.803680 62.592000
1.804512 62.592000
1.805344 62.592000
1.805760 63.424000
1.806592 63.424000
1.807424 63.424000
1.808256 63.424000
1.809088 63.424000
1.809920 63.424000
1.857952 62.592000
1.858784 62.592000
1.859616 62.592000
1.864608 62.592000
1.865440 62.592000
1.866272 62.592000
1.867104 62.592000
1.867936 62.592000
1.868768 62.592000
1.869184 63.424000
1.870016 63.424000
1.870848 63.424000
1.871680 63.424000
1.872512 63.424000
1.873344 63.424000
1.920544 62.592000
1.921376 62.592000
1.922208 62.592000
1.927200 62.592000
1.928032 62.592000
1.928864 62.592000
1.929696 62.592000
1.930528 62.592000
1.931360 62.592000
1.932192 62.592000
1.933024 62.592000
1.933440 63.424000
1.934272 63.424000
1.935104 63.424000
1.935936 63.424000
1.936768 63.424000
1.983136 62.592000
1.983968 62.592000
1.984800 62.592000
1.989792 62.592000
1.990624 62.592000
1.991456 62.592000
1.992288 62.592000
1.993120 62.592000
1.993952 62.592000
1.994784 62.592000
1.995616 62.592000
1.996448 62.592000
1.996864 63.424000
1.997696 63.424000
1.998528 63.424000
1.999360 63.424000
2.000192 63.424000
2.046096 63.328000
2.046928 63.328000
2.048160 64.128000
2.052624 63.072000
2.053456 63.072000
2.054688 63.872000
2.055520 63.872000
2.056752 64.672000
2.057584 64.672000
2.058816 65.472000
2.059648 65.472000
2.060880 66.272000
2.061712 66.272000
2.062944 67.072000
2.063360 67.904000
2.064592 68.704000
2.065424 68.704000
2.066656 69.504000
2.109056 62.592000
2.110288 63.392000
2.111920 63.392000
2.115456 62.592000
2.116688 63.392000
2.118320 63.392000
2.119152 63.392000
2.120784 63.392000
2.122016 64.192000
2.123648 64.192000
2.124480 64.192000
2.126112 64.192000
2.127344 64.992000
2.128976 64.992000
2.129808 64.992000
2.130624 66.624000
2.131856 65.824000
2.133088 66.624000
2.134720 66.624000
2.171648 62.592000
2.173280 62.592000
2.174912 62.592000
2.178048 62.592000
2.179680 62.592000
2.181312 62.592000
2.182544 63.392000
2.184176 63.392000
2.185808 63.392000
2.187440 63.392000
2.188272 63.392000
2.189904 63.392000
2.191536 63.392000
2.193168 63.392000
2.194400 64.192000
2.196032 64.192000
2.197264 64.992000
2.197680 65.824000
2.199312 65.824000
2.200944 65.824000
2.234240 62.592000
2.235872 62.592000
2.237504 62.592000
2.240640 62.592000
2.242272 62.592000
2.243904 62.592000
2.245536 62.592000
2.247168 62.592000
2.248800 62.592000
2.250432 62.592000
2.251664 63.392000
2.253296 63.392000
2.254928 63.392000
2.256560 63.392000
2.258192 63.392000
2.259824 63.392000
2.261456 63.392000
2.262688 64.192000
2.263104 65.024000
2.264736 65.024000
2.266368 65.024000
2.296832 62.592000
2.298864 63.392000
2.300496 63.392000
2.303232 62.592000
2.305264 63.392000
2.306896 63.392000
2.308528 63.392000
2.310160 63.392000
2.311792 63.392000
2.313424 63.392000
2.315056 63.392000
2.316688 63.392000
2.318320 63.392000
2.319952 63.392000
2.321584 63.392000
2.323216 63.392000
2.324848 63.392000
2.326480 63.392000
2.327312 63.392000
2.328944 63.392000
2.329760 65.024000
2.330992 64.224000
2.359744 63.232000
2.361856 62.592000
2.363488 62.592000
2.366144 63.232000
2.368256 62.592000
2.369888 62.592000
2.371520 62.592000
2.373152 62.592000
2.374784 62.592000
2.376416 62.592000
2.378048 62.592000
2.379680 62.592000
2.381312 62.592000
2.382944 62.592000
2.384576 62.592000
2.386208 62.592000
2.387840 62.592000
2.389472 62.592000
2.390704 63.392000
2.392336 63.392000
2.393968 63.392000
2.394384 64.224000
2.395616 65.024000
2.422656 62.592000
2.424448 62.592000
2.426080 62.592000
2.429056 62.592000
2.430848 62.592000
2.432480 62.592000
2.434112 62.592000
2.435744 62.592000
2.437376 62.592000
2.439008 62.592000
2.440640 62.592000
2.442272 62.592000
2.443904 62.592000
2.445536 62.592000
2.447168 62.592000
2.448800 62.592000
2.450432 62.592000
2.452464 63.392000
2.454096 63.392000
2.455728 63.392000
2.457360 63.392000
2.458192 63.392000
2.459824 63.392000
2.460640 65.024000
2.485248 62.592000
2.487040 62.592000
2.488672 62.592000
2.491648 62.592000
2.493440 62.592000
2.495072 62.592000
2.496704 62.592000
2.498336 62.592000
2.499968 62.592000
2.501600 62.592000
2.503232 62.592000
2.505264 63.392000
2.506896 63.392000
2.508528 63.392000
2.510160 63.392000
2.511792 63.392000
2.513424 63.392000
2.515456 62.592000
2.517088 62.592000
2.518720 62.592000
2.520352 62.592000
2.521584 63.392000
2.523216 63.392000
2.524848 63.392000
2.525264 64.224000
2.547840 62.592000
2.549632 62.592000
2.551664 63.392000
2.554240 62.592000
2.556032 62.592000
2.558064 63.392000
2.559696 63.392000
2.561328 63.392000
2.562960 63.392000
2.564592 63.392000
2.566224 63.392000
2.568256 62.592000
2.569888 62.592000
2.571520 62.592000
2.573152 62.592000
2.574784 62.592000
2.576416 62.592000
2.578048 62.592000
2.579680 62.592000
2.581312 62.592000
2.582944 62.592000
2.584576 62.592000
2.586208 62.592000
2.587840 62.592000
2.589072 63.392000
2.610432 62.592000
2.611248 64.224000
2.612960 64.064000
2.614992 63.264000
2.616896 62.720000
2.619008 63.360000
2.621056 62.592000
2.622688 62.592000
2.624320 62.592000
2.625952 62.592000
2.627584 62.592000
2.629216 62.592000
2.630848 62.592000
2.632480 62.592000
2.634112 62.592000
2.635744 62.592000
2.637376 62.592000
2.639008 62.592000
2.640640 62.592000
2.642272 62.592000
2.643904 62.592000
2.645536 62.592000
2.647168 62.592000
2.648800 62.592000
2.650432 62.592000
2.652464 63.392000
2.673344 63.232000
2.674976 63.232000
2.675392 64.064000
2.677024 64.064000
2.678656 64.064000
2.680288 64.064000
2.682320 63.264000
2.683968 63.232000
2.685600 63.232000
2.687232 63.232000
2.688864 63.232000
2.690496 63.232000
2.692128 63.232000
2.693760 63.232000
2.695392 63.232000
2.697024 63.232000
2.698656 63.232000
2.700288 63.232000
2.701920 63.232000
2.703552 63.232000
2.705584 64.032000
2.707216 64.032000
2.708848 64.032000
2.710480 64.032000
2.712112 64.032000
2.713744 64.032000
2.715776 63.232000
2.736256 62.592000
2.737888 62.592000
2.739120 63.392000
2.740752 63.392000
2.741168 64.224000
2.742800 64.224000
2.744432 64.224000
2.746064 64.224000
2.747696 64.224000
2.749328 64.224000
2.750960 64.224000
2.752592 64.224000
2.754224 64.224000
2.755856 64.224000
2.757488 64.224000
2.759120 64.224000
2.760752 64.224000
2.762384 64.224000
2.764016 64.224000
2.765648 64.224000
2.767280 64.224000
2.769712 64.224000
2.771344 64.224000
2.772976 64.224000
2.774608 64.224000
2.776240 64.224000
2.777872 64.224000
2.779504 64.224000
2.798848 62.592000
2.800480 62.592000
2.802112 62.592000
2.803744 62.592000
2.804976 63.392000
2.805392 64.224000
2.807024 64.224000
2.808656 64.224000
2.810288 64.224000
2.811920 64.224000
2.813552 64.224000
2.815184 64.224000
2.816816 64.224000
2.818448 64.224000
2.820080 64.224000
2.821712 64.224000
2.823344 64.224000
2.824976 64.224000
2.826608 64.224000
2.828240 64.224000
2.829872 64.224000
2.831504 64.224000
2.833936 64.224000
2.835568 64.224000
2.837200 64.224000
2.838832 64.224000
2.840464 64.224000
2.842096 64.224000
2.843728 64.224000
2.861440 62.592000
2.863072 62.592000
2.864704 62.592000
2.866336 62.592000
2.867968 62.592000
2.869200 63.392000
2.870832 63.392000
2.871648 65.024000
2.872880 64.224000
2.874512 64.224000
2.876144 64.224000
2.877776 64.224000
2.879408 64.224000
2.881040 64.224000
2.882672 64.224000
2.884304 64.224000
2.885936 64.224000
2.887568 64.224000
2.889200 64.224000
2.890832 64.224000
2.892464 64.224000
2.894096 64.224000
2.895728 64.224000
2.898160 64.224000
2.899792 64.224000
2.901424 64.224000
2.903056 64.224000
2.904688 64.224000
2.906320 64.224000
2.907952 64.224000
2.924032 62.592000
2.926064 63.392000
2.927696 63.392000
2.929328 63.392000
2.930960 63.392000
2.932592 63.392000
2.934224 63.392000
2.935856 63.392000
2.936272 64.224000
2.937504 65.024000
2.938736 64.224000
2.940368 64.224000
2.942000 64.224000
2.943632 64.224000
2.945264 64.224000
2.946896 64.224000
2.948528 64.224000
2.950160 64.224000
2.951792 64.224000
2.953424 64.224000
2.955056 64.224000
2.956688 64.224000
2.958320 64.224000
2.959952 64.224000
2.962384 64.224000
2.964016 64.224000
2.965648 64.224000
2.967280 64.224000
2.968912 64.224000
2.970544 64.224000
2.972176 64.224000
2.986944 63.232000
2.989056 62.592000
2.990688 62.592000
2.992320 62.592000
2.993952 62.592000
2.995584 62.592000
2.997216 62.592000
2.998848 62.592000
3.000080 63.392000
3.001712 63.392000
3.002128 64.224000
3.003360 65.024000
3.004592 64.224000
3.006224 64.224000
3.007856 64.224000
3.009488 64.224000
3.011120 64.224000
3.012752 64.224000
3.014384 64.224000
3.016016 64.224000
3.017648 64.224000
3.019680 65.024000
3.021312 65.024000
3.022944 65.024000
3.024576 65.024000
3.026608 64.224000
3.028240 64.224000
3.029872 64.224000
3.031504 64.224000
3.033136 64.224000
3.034768 64.224000
3.036400 64.224000
3.049856 62.592000
3.051648 62.592000
3.053280 62.592000
3.054912 62.592000
3.056544 62.592000
3.058176 62.592000
3.059808 62.592000
3.061440 62.592000
3.063072 62.592000
3.064704 62.592000
3.065936 63.392000
3.066352 64.224000
3.067984 64.224000
3.068816 64.224000
3.070448 64.224000
3.072480 65.024000
3.074112 65.024000
3.075744 65.024000
3.077376 65.024000
3.079008 65.024000
3.080640 65.024000
3.082272 65.024000
3.084304 64.224000
3.085936 64.224000
3.087568 64.224000
3.089200 64.224000
3.090832 64.224000
3.092464 64.224000
3.094096 64.224000
3.095728 64.224000
3.097360 64.224000
3.098992 64.224000
3.100624 64.224000
3.112448 62.592000
3.114240 62.592000
3.115872 62.592000
3.117504 62.592000
3.119136 62.592000
3.120768 62.592000
3.122400 62.592000
3.124032 62.592000
3.126064 63.392000
3.127696 63.392000
3.129328 63.392000
3.130160 63.392000
3.131792 63.392000
3.132608 65.024000
3.133440 65.024000
3.135072 65.024000
3.137104 64.224000
3.138736 64.224000
3.140368 64.224000
3.142000 64.224000
3.143632 64.224000
3.145264 64.224000
3.146896 64.224000
3.148528 64.224000
3.150160 64.224000
3.151792 64.224000
3.153424 64.224000
3.155056 64.224000
3.156688 64.224000
3.158320 64.224000
3.159952 64.224000
3.161584 64.224000
3.163216 64.224000
3.164848 64.224000
3.175040 62.592000
3.176832 62.592000
3.178864 63.392000
3.180496 63.392000
3.182128 63.392000
3.183760 63.392000
3.185392 63.392000
3.187024 63.392000
3.189056 62.592000
3.190688 62.592000
3.192320 62.592000
3.193552 63.392000
3.195184 63.392000
3.196816 63.392000
3.197232 64.224000
3.198464 65.024000
3.199696 64.224000
3.201328 64.224000
3.202960 64.224000
3.204592 64.224000
3.206224 64.224000
3.207856 64.224000
3.209488 64.224000
3.211120 64.224000
3.212752 64.224000
3.214384 64.224000
3.216016 64.224000
3.217648 64.224000
3.219680 65.024000
3.221312 65.024000
3.222944 65.024000
3.224576 65.024000
3.226208 65.024000
3.227840 65.024000
3.229472 65.024000
3.237632 62.592000
3.239744 63.232000
3.241856 62.592000
3.243488 62.592000
3.245120 62.592000
3.246752 62.592000
3.248384 62.592000
3.250016 62.592000
3.251648 62.592000
3.253280 62.592000
3.254912 62.592000
3.256544 62.592000
3.258176 62.592000
3.259808 62.592000
3.261040 63.392000
3.261456 64.224000
3.263088 64.224000
3.263920 64.224000
3.265552 64.224000
3.267184 64.224000
3.268816 64.224000
3.270448 64.224000
3.272480 65.024000
3.274112 65.024000
3.275744 65.024000
3.277376 65.024000
3.279008 65.024000
3.280640 65.024000
3.282272 65.024000
3.284304 64.224000
3.285936 64.224000
3.287568 64.224000
3.289200 64.224000
3.290832 64.224000
3.292464 64.224000
3.294096 64.224000
3.300544 63.232000
3.302656 62.592000
3.304448 62.592000
3.306080 62.592000
3.307712 62.592000
3.309344 62.592000
3.310976 62.592000
3.312608 62.592000
3.314240 62.592000
3.315872 62.592000
3.317504 62.592000
3.319136 62.592000
3.320768 62.592000
3.322400 62.592000
3.324032 62.592000
3.325264 63.392000
3.326896 63.392000
3.327712 65.024000
3.328544 65.024000
3.330176 65.024000
3.331808 65.024000
3.333440 65.024000
3.335072 65.024000
3.337104 64.224000
3.338736 64.224000
3.340368 64.224000
3.342000 64.224000
3.343632 64.224000
3.345264 64.224000
3.346896 64.224000
3.348528 64.224000
3.350160 64.224000
3.351792 64.224000
3.353424 64.224000
3.355056 64.224000
3.356688 64.224000
3.358320 64.224000
3.363456 62.592000
3.365248 62.592000
3.367040 62.592000
3.368672 62.592000
3.370304 62.592000
3.371936 62.592000
3.373568 62.592000
3.375200 62.592000
3.376832 62.592000
3.378864 63.392000
3.380496 63.392000
3.382128 63.392000
3.383760 63.392000
3.385392 63.392000
3.387024 63.392000
3.388656 63.392000
3.390288 63.392000
3.391920 63.392000
3.392336 64.224000
3.393568 65.024000
3.394800 64.224000
3.396432 64.224000
3.398064 64.224000
3.399696 64.224000
3.401328 64.224000
3.402960 64.224000
3.404592 64.224000
3.406224 64.224000
3.407856 64.224000
3.409488 64.224000
3.411120 64.224000
3.412752 64.224000
3.414384 64.224000
3.416016 64.224000
3.417648 64.224000
3.419680 65.024000
3.421312 65.024000
3.422944 65.024000
3.426320 63.136000
3.428032 62.976000
3.429744 62.816000
3.431776 63.616000
3.433408 63.616000
3.435040 63.616000
3.436672 63.616000
3.438304 63.616000
3.439936 63.616000
3.441968 62.816000
3.443600 62.816000
3.445232 62.816000
3.446864 62.816000
3.448496 62.816000
3.450128 62.816000
3.451760 62.816000
3.453392 62.816000
3.455024 62.816000
3.456256 63.616000
3.457888 63.616000
3.458304 64.448000
3.459536 65.248000
3.460768 64.448000
3.462400 64.448000
3.464032 64.448000
3.465664 64.448000
3.467296 64.448000
3.468928 64.448000
3.470560 64.448000
3.472592 65.248000
3.474224 65.248000
3.475856 65.248000
3.477488 65.248000
3.479120 65.248000
3.480752 65.248000
3.482384 65.248000
3.484416 64.448000
3.486048 64.448000
3.487680 64.448000
3.490112 64.448000
3.491744 64.448000
3.493376 64.448000
3.495408 63.648000
3.497040 63.648000
3.498672 63.648000
3.500304 63.648000
3.501936 63.648000
3.503568 63.648000
3.505200 63.648000
3.506832 63.648000
3.508464 63.648000
3.510096 63.648000
3.511728 63.648000
3.513360 63.648000
3.515392 64.448000
3.517024 64.448000
3.518656 64.448000
3.520288 64.448000
3.521920 64.448000
3.522752 64.448000
3.523568 66.080000
3.524800 65.280000
3.526032 66.080000
3.527664 66.080000
3.529296 66.080000
3.530928 66.080000
3.532560 66.080000
3.534192 66.080000
3.535824 66.080000
3.537856 65.280000
3.539488 65.280000
3.541120 65.280000
3.542752 65.280000
3.544384 65.280000
3.546016 65.280000
3.547648 65.280000
3.549280 65.280000
3.550912 65.280000
3.552544 65.280000
3.554976 65.280000
3.556608 65.280000
3.558240 65.280000
3.559872 65.280000
3.561504 65.280000
3.563136 65.280000
3.564768 65.280000
3.566400 65.280000
3.568032 65.280000
3.569664 65.280000
3.571296 65.280000
3.572928 65.280000
3.574560 65.280000
3.576192 65.280000
3.577824 65.280000
3.580256 65.280000
3.581888 65.280000
3.583520 65.280000
3.585152 65.280000
3.586784 65.280000
3.587616 65.280000
3.589248 65.280000
3.590480 66.080000
3.590896 66.912000
3.592528 66.912000
3.594160 66.912000
3.595792 66.912000
3.597424 66.912000
3.599056 66.912000
3.600688 66.912000
3.602320 66.912000
3.603952 66.912000
3.605584 66.912000
3.607216 66.912000
3.608848 66.912000
3.610480 66.912000
3.612112 66.912000
3.613744 66.912000
3.615376 66.912000
3.617008 66.912000
3.618640 66.912000
3.621072 66.912000
3.622704 66.912000
3.624336 66.912000
3.625968 66.912000
3.627600 66.912000
3.629232 66.912000
3.630864 66.912000
3.632496 66.912000
3.634128 66.912000
3.635760 66.912000
3.637392 66.912000
3.639024 66.912000
3.640656 66.912000
3.642288 66.912000
3.643920 66.912000
3.646352 66.912000
3.647984 66.912000
3.649616 66.912000
3.651248 66.912000
3.652880 66.912000
3.653712 66.912000
3.655344 66.912000
3.656976 66.912000
3.658208 67.712000
3.658624 68.544000
3.660256 68.544000
3.661888 68.544000
3.663520 68.544000
3.665152 68.544000
3.666784 68.544000
3.668416 68.544000
3.670048 68.544000
3.671680 68.544000
3.673312 68.544000
3.674944 68.544000
3.676576 68.544000
3.678208 68.544000
3.679840 68.544000
3.681472 68.544000
3.683104 68.544000
3.684736 68.544000
3.686368 68.544000
3.688800 68.544000
3.690432 68.544000
3.692064 68.544000
3.693696 68.544000
3.695328 68.544000
3.696960 68.544000
3.698592 68.544000
3.700224 68.544000
3.701856 68.544000
3.703488 68.544000
3.705120 68.544000
3.706752 68.544000
3.708384 68.544000
3.710016 68.544000
3.711648 68.544000
3.713680 67.744000
3.715312 67.744000
3.716944 67.744000
3.718576 67.744000
3.720208 67.744000
3.721440 68.544000
3.723072 68.544000
3.724704 68.544000
3.762224 140.320000
3.795152 201.248000
3.964672 264.576000
4.128256 62.592000
4.129072 64.224000
4.190848 62.592000
4.191664 64.224000
4.192896 63.424000
4.193712 65.056000
4.253440 62.592000
4.254256 64.224000
4.255488 63.424000
4.256304 65.056000
4.257136 65.056000
4.257952 66.688000
4.259184 65.888000
4.260000 67.520000
4.316032 62.592000
4.316848 64.224000
4.318480 64.224000
4.318896 65.056000
4.320128 65.856000
4.320544 66.688000
4.322176 66.688000
4.323008 66.688000
4.324640 66.688000
4.325472 66.688000
4.327104 66.688000
4.378944 63.232000
4.380576 63.232000
4.382208 63.232000
4.383040 63.232000
4.384672 63.232000
4.385904 64.032000
4.387536 64.032000
4.387952 64.864000
4.389184 65.664000
4.390416 64.864000
4.391648 65.664000
4.393280 65.664000
4.441856 62.592000
4.443488 62.592000
4.445120 62.592000
4.446352 63.392000
4.447984 63.392000
4.449616 63.392000
4.451248 63.392000
4.452080 63.392000
4.452896 65.024000
4.454128 64.224000
4.455360 65.024000
4.456992 65.024000
4.458624 65.024000
4.504448 62.592000
4.506080 62.592000
4.507712 62.592000
4.509344 62.592000
4.510976 62.592000
4.512608 62.592000
4.514240 62.592000
4.515472 63.392000
4.517104 63.392000
4.517936 63.392000
4.518752 65.024000
4.519984 64.224000
4.521616 64.224000
4.523248 64.224000
4.567040 62.592000
4.568672 62.592000
4.570304 62.592000
4.571936 62.592000
4.573568 62.592000
4.575200 62.592000
4.576832 62.592000
4.578864 63.392000
4.580496 63.392000
4.581328 63.392000
4.582960 63.392000
4.583776 65.024000
4.584608 65.024000
4.586240 65.024000
4.587872 65.024000
4.629632 62.592000
4.631664 63.392000
4.633296 63.392000
4.634928 63.392000
4.636560 63.392000
4.638192 63.392000
4.639824 63.392000
4.641856 62.592000
4.643488 62.592000
4.644720 63.392000
4.646352 63.392000
4.647984 63.392000
4.648816 63.392000
4.649632 65.024000
4.650864 64.224000
4.652496 64.224000
4.692544 63.232000
4.694656 62.592000
4.696288 62.592000
4.697920 62.592000
4.699552 62.592000
4.701184 62.592000
4.702816 62.592000
4.704448 62.592000
4.706080 62.592000
4.707712 62.592000
4.709344 62.592000
4.710976 62.592000
4.712208 63.392000
4.713840 63.392000
4.714256 64.224000
4.715488 65.024000
4.716720 64.224000
4.755456 62.592000
4.757248 62.592000
4.758880 62.592000
4.760512 62.592000
4.762144 62.592000
4.763776 62.592000
4.765408 62.592000
4.767040 62.592000
4.768672 62.592000
4.770304 62.592000
4.771936 62.592000
4.773568 62.592000
4.775200 62.592000
4.776832 62.592000
4.778064 63.392000
4.779696 63.392000
4.780512 65.024000
4.781344 65.024000
4.818048 62.592000
4.819840 62.592000
4.821472 62.592000
4.823104 62.592000
4.824736 62.592000
4.826368 62.592000
4.828000 62.592000
4.829632 62.592000
4.831664 63.392000
4.833296 63.392000
4.834928 63.392000
4.836560 63.392000
4.838192 63.392000
4.839824 63.392000
4.841456 63.392000
4.843088 63.392000
4.844720 63.392000
4.845136 64.224000
4.846368 65.024000
4.880640 62.592000
4.882432 62.592000
4.884464 63.392000
4.886096 63.392000
4.887728 63.392000
4.889360 63.392000
4.890992 63.392000
4.892624 63.392000
4.894656 62.592000
4.896288 62.592000
4.897920 62.592000
4.899552 62.592000
4.901184 62.592000
4.902816 62.592000
4.904448 62.592000
4.906080 62.592000
4.907712 62.592000
4.908944 63.392000
4.910576 63.392000
4.910992 64.224000
4.943232 62.592000
4.945344 63.232000
4.947456 62.592000
4.949088 62.592000
4.950720 62.592000
4.952352 62.592000
4.953984 62.592000
4.955616 62.592000
4.957248 62.592000
4.958880 62.592000
4.960512 62.592000
4.962144 62.592000
4.963776 62.592000
4.965408 62.592000
4.967040 62.592000
4.968672 62.592000
4.970304 62.592000
4.971936 62.592000
4.973568 62.592000
4.974800 63.392000
4.975216 64.224000
5.006144 63.232000
5.008256 62.592000
5.010048 62.592000
5.011680 62.592000
5.013312 62.592000
5.014944 62.592000
5.016576 62.592000
5.018208 62.592000
5.019840 62.592000
5.021472 62.592000
5.023104 62.592000
5.024736 62.592000
5.026368 62.592000
5.028000 62.592000
5.029632 62.592000
5.031664 63.392000
5.033296 63.392000
5.034928 63.392000
5.036560 63.392000
5.038192 63.392000
5.039024 63.392000
5.069056 62.592000
5.069872 64.224000
5.071184 63.264000
5.072896 63.104000
5.074528 63.104000
5.076160 63.104000
5.077792 63.104000
5.079424 63.104000
5.081056 63.104000
5.082688 63.104000
5.084720 63.904000
5.086352 63.904000
5.087984 63.904000
5.089616 63.904000
5.091248 63.904000
5.092880 63.904000
5.094912 63.104000
5.096544 63.104000
5.098176 63.104000
5.099808 63.104000
5.101440 63.104000
5.102672 63.904000
5.131648 62.592000
5.133280 62.592000
5.134096 64.224000
5.134928 64.224000
5.136560 64.224000
5.138192 64.224000
5.139824 64.224000
5.141456 64.224000
5.143088 64.224000
5.144720 64.224000
5.146352 64.224000
5.148384 63.424000
5.150016 63.424000
5.151648 63.424000
5.153680 64.224000
5.155312 64.224000
5.156944 64.224000
5.158576 64.224000
5.160208 64.224000
5.161840 64.224000
5.163472 64.224000
5.165104 64.224000
5.166736 64.224000
5.194240 62.592000
5.195872 62.592000
5.197504 62.592000
5.198736 63.392000
5.199152 64.224000
5.200784 64.224000
5.202416 64.224000
5.204048 64.224000
5.205680 64.224000
5.207312 64.224000
5.208944 64.224000
5.210576 64.224000
5.212208 64.224000
5.213840 64.224000
5.215472 64.224000
5.217904 64.224000
5.219536 64.224000
5.221168 64.224000
5.222800 64.224000
5.224432 64.224000
5.226064 64.224000
5.227696 64.224000
5.229328 64.224000
5.230960 64.224000
5.256832 62.592000
5.258864 63.392000
5.260496 63.392000
5.262128 63.392000
5.262960 63.392000
5.263776 65.024000
5.265008 64.224000
5.266640 64.224000
5.268272 64.224000
5.269904 64.224000
5.271536 64.224000
5.273168 64.224000
5.274800 64.224000
5.276432 64.224000
5.278064 64.224000
5.279696 64.224000
5.282128 64.224000
5.283760 64.224000
5.285392 64.224000
5.287024 64.224000
5.288656 64.224000
5.290288 64.224000
5.291920 64.224000
5.293552 64.224000
5.295184 64.224000
5.319744 63.232000
5.321856 62.592000
5.323488 62.592000
5.325120 62.592000
5.326352 63.392000
5.327984 63.392000
5.328816 63.392000
5.329632 65.024000
5.330864 64.224000
5.332496 64.224000
5.334128 64.224000
5.335760 64.224000
5.337392 64.224000
5.339024 64.224000
5.340656 64.224000
5.342288 64.224000
5.343920 64.224000
5.346352 64.224000
5.347984 64.224000
5.349616 64.224000
5.351248 64.224000
5.352880 64.224000
5.354512 64.224000
5.356144 64.224000
5.357776 64.224000
5.359408 64.224000
5.382656 62.592000
5.384448 62.592000
5.386080 62.592000
5.387712 62.592000
5.389344 62.592000
5.390976 62.592000
5.392208 63.392000
5.393840 63.392000
5.394256 64.224000
5.395488 65.024000
5.396720 64.224000
5.398352 64.224000
5.399984 64.224000
5.401616 64.224000
5.403248 64.224000
5.405280 65.024000
5.406912 65.024000
5.408544 65.024000
5.410576 64.224000
5.412208 64.224000
5.413840 64.224000
5.415472 64.224000
5.417104 64.224000
5.418736 64.224000
5.420368 64.224000
5.422000 64.224000
5.423632 64.224000
5.445248 62.592000
5.447040 62.592000
5.448672 62.592000
5.450304 62.592000
5.451936 62.592000
5.453568 62.592000
5.455200 62.592000
5.456832 62.592000
5.458064 63.392000
5.459696 63.392000
5.460512 65.024000
5.461344 65.024000
5.462976 65.024000
5.464608 65.024000
5.466240 65.024000
5.467872 65.024000
5.469904 64.224000
5.471536 64.224000
5.473168 64.224000
5.474800 64.224000
5.476432 64.224000
5.478064 64.224000
5.479696 64.224000
5.481328 64.224000
5.482960 64.224000
5.484592 64.224000
5.486224 64.224000
5.487856 64.224000
5.507840 62.592000
5.509632 62.592000
5.511664 63.392000
5.513296 63.392000
5.514928 63.392000
5.516560 63.392000
5.518192 63.392000
5.519824 63.392000
5.521456 63.392000
5.523088 63.392000
5.524720 63.392000
5.525136 64.224000
5.526368 65.024000
5.527600 64.224000
5.529232 64.224000
5.530864 64.224000
5.532496 64.224000
5.534128 64.224000
5.535760 64.224000
5.537392 64.224000
5.539024 64.224000
5.540656 64.224000
5.542288 64.224000
5.543920 64.224000
5.545552 64.224000
5.547184 64.224000
5.548816 64.224000
5.550448 64.224000
5.552480 65.024000
5.570432 62.592000
5.572544 63.232000
5.574656 62.592000
5.576288 62.592000
5.577920 62.592000
5.579552 62.592000
5.581184 62.592000
5.582816 62.592000
5.584448 62.592000
5.586080 62.592000
5.587712 62.592000
5.588944 63.392000
5.589360 64.224000
5.590992 64.224000
5.591824 64.224000
5.593456 64.224000
5.595088 64.224000
5.596720 64.224000
5.598352 64.224000
5.599984 64.224000
5.601616 64.224000
5.603248 64.224000
5.605280 65.024000
5.606912 65.024000
5.608544 65.024000
5.610176 65.024000
5.611808 65.024000
5.613440 65.024000
5.615072 65.024000
5.617104 64.224000
5.633344 63.232000
5.635456 62.592000
5.637248 62.592000
5.638880 62.592000
5.640512 62.592000
5.642144 62.592000
5.643776 62.592000
5.645408 62.592000
5.647040 62.592000
5.648672 62.592000
5.650304 62.592000
5.651936 62.592000
5.653168 63.392000
5.654800 63.392000
5.655216 64.224000
5.656448 65.024000
5.658080 65.024000
5.659712 65.024000
5.661344 65.024000
5.662976 65.024000
5.664608 65.024000
5.666240 65.024000
5.667872 65.024000
5.669904 64.224000
5.671536 64.224000
5.673168 64.224000
5.674800 64.224000
5.676432 64.224000
5.678064 64.224000
5.679696 64.224000
5.681328 64.224000
5.696256 62.592000
5.698048 62.592000
5.699840 62.592000
5.701472 62.592000
5.703104 62.592000
5.704736 62.592000
5.706368 62.592000
5.708000 62.592000
5.709632 62.592000
5.711664 63.392000
5.713296 63.392000
5.714928 63.392000
5.716560 63.392000
5.718192 63.392000
5.719024 63.392000
5.719840 65.024000
5.721072 64.224000
5.722704 64.224000
5.724336 64.224000
5.725968 64.224000
5.727600 64.224000
5.729232 64.224000
5.730864 64.224000
5.732496 64.224000
5.734128 64.224000
5.735760 64.224000
5.737392 64.224000
5.739024 64.224000
5.740656 64.224000
5.742288 64.224000
5.743920 64.224000
5.745552 64.224000
5.758848 62.592000
5.760640 62.592000
5.762432 62.592000
5.764464 63.392000
5.766096 63.392000
5.767728 63.392000
5.769360 63.392000
5.770992 63.392000
5.772624 63.392000
5.774656 62.592000
5.776288 62.592000
5.777920 62.592000
5.779552 62.592000
5.781184 62.592000
5.782416 63.392000
5.784048 63.392000
5.784880 63.392000
5.785696 65.024000
5.786928 64.224000
5.788560 64.224000
5.790192 64.224000
5.791824 64.224000
5.793456 64.224000
5.795088 64.224000
5.796720 64.224000
5.798352 64.224000
5.799984 64.224000
5.801616 64.224000
5.803248 64.224000
5.805280 65.024000
5.806912 65.024000
5.808544 65.024000
5.810176 65.024000
5.821440 62.592000
5.823232 62.592000
5.825344 63.232000
5.827456 62.592000
5.829088 62.592000
5.830720 62.592000
5.832352 62.592000
5.833984 62.592000
5.835616 62.592000
5.837248 62.592000
5.838880 62.592000
5.840512 62.592000
5.842144 62.592000
5.843776 62.592000
5.845408 62.592000
5.847040 62.592000
5.848272 63.392000
5.849904 63.392000
5.850320 64.224000
5.851552 65.024000
5.852784 64.224000
5.854416 64.224000
5.856048 64.224000
5.858080 65.024000
5.859712 65.024000
5.861344 65.024000
5.862976 65.024000
5.864608 65.024000
5.866240 65.024000
5.867872 65.024000
5.869904 64.224000
5.871536 64.224000
5.873168 64.224000
5.874800 64.224000
5.884032 62.592000
5.886144 63.232000
5.888256 62.592000
5.890048 62.592000
5.891680 62.592000
5.893312 62.592000
5.894944 62.592000
5.896576 62.592000
5.898208 62.592000
5.899840 62.592000
5.901472 62.592000
5.903104 62.592000
5.904736 62.592000
5.906368 62.592000
5.908000 62.592000
5.909632 62.592000
5.911664 63.392000
5.913296 63.392000
5.914128 63.392000
5.915760 63.392000
5.916576 65.024000
5.917408 65.024000
5.919040 65.024000
5.920672 65.024000
5.922704 64.224000
5.924336 64.224000
5.925968 64.224000
5.927600 64.224000
5.929232 64.224000
5.930864 64.224000
5.932496 64.224000
5.934128 64.224000
5.935760 64.224000
5.937392 64.224000
5.939024 64.224000
5.946944 63.232000
5.949056 62.592000
5.950848 62.592000
5.952640 62.592000
5.954272 62.592000
5.955904 62.592000
5.957536 62.592000
5.959168 62.592000
5.960800 62.592000
5.962432 62.592000
5.964464 63.392000
5.966096 63.392000
5.967728 63.392000
5.969360 63.392000
5.970992 63.392000
5.972624 63.392000
5.974656 62.592000
5.976288 62.592000
5.977520 63.392000
5.979152 63.392000
5.980784 63.392000
5.981200 64.224000
5.982432 65.024000
5.983664 64.224000
5.985296 64.224000
5.986928 64.224000
5.988560 64.224000
5.990192 64.224000
5.991824 64.224000
5.993456 64.224000
5.995088 64.224000
5.996720 64.224000
5.998352 64.224000
5.999984 64.224000
6.001616 64.224000
6.003248 64.224000
6.009856 62.592000
6.011648 62.592000
6.013440 62.592000
6.015232 62.592000
6.017264 63.392000
6.018896 63.392000
6.020528 63.392000
6.022160 63.392000
6.023792 63.392000
6.025424 63.392000
6.027456 62.592000
6.029088 62.592000
6.030720 62.592000
6.032352 62.592000
6.033984 62.592000
6.035616 62.592000
6.037248 62.592000
6.038880 62.592000
6.040512 62.592000
6.042144 62.592000
6.043776 62.592000
6.045008 63.392000
6.046640 63.392000
6.047056 64.224000
6.048288 65.024000
6.049520 64.224000
6.051152 64.224000
6.052784 64.224000
6.054416 64.224000
6.056048 64.224000
6.058080 65.024000
6.059712 65.024000
6.061344 65.024000
6.062976 65.024000
6.064608 65.024000
6.066240 65.024000
6.067872 65.024000
6.072448 62.592000
6.074240 62.592000
6.076032 62.592000
6.078144 63.232000
6.080256 62.592000
6.081888 62.592000
6.083520 62.592000
6.085152 62.592000
6.086784 62.592000
6.088416 62.592000
6.090048 62.592000
6.091680 62.592000
6.093312 62.592000
6.094944 62.592000
6.096576 62.592000
6.098208 62.592000
6.099840 62.592000
6.101472 62.592000
6.103104 62.592000
6.104736 62.592000
6.106368 62.592000
6.108000 62.592000
6.109632 62.592000
6.110864 63.392000
6.111680 65.024000
6.112912 64.224000
6.114144 65.024000
6.115776 65.024000
6.117408 65.024000
6.119040 65.024000
6.120672 65.024000
6.122704 64.224000
6.124336 64.224000
6.125968 64.224000
6.127600 64.224000
6.129232 64.224000
6.130864 64.224000
6.132496 64.224000
6.135392 63.296000
6.137104 63.136000
6.139216 63.776000
6.141248 62.976000
6.142960 62.816000
6.144592 62.816000
6.146224 62.816000
6.147856 62.816000
6.149488 62.816000
6.151120 62.816000
6.152752 62.816000
6.154384 62.816000
6.156016 62.816000
6.157648 62.816000
6.159280 62.816000
6.160912 62.816000
6.162544 62.816000
6.164576 63.616000
6.166208 63.616000
6.167840 63.616000
6.169472 63.616000
6.171104 63.616000
6.172736 63.616000
6.174368 63.616000
6.176000 63.616000
6.176832 63.616000
6.177648 65.248000
6.178880 64.448000
6.180512 64.448000
6.182144 64.448000
6.183776 64.448000
6.185408 64.448000
6.187040 64.448000
6.188672 64.448000
6.190304 64.448000
6.191936 64.448000
6.193568 64.448000
6.195200 64.448000
6.196832 64.448000
6.199264 64.448000
6.200896 64.448000
6.202928 63.648000
6.204560 63.648000
6.206592 64.448000
6.208224 64.448000
6.209856 64.448000
6.211488 64.448000
6.213120 64.448000
6.214752 64.448000
6.216384 64.448000
6.218016 64.448000
6.219648 64.448000
6.221280 64.448000
6.222912 64.448000
6.224544 64.448000
6.226176 64.448000
6.228208 63.648000
6.229840 63.648000
6.231472 63.648000
6.233104 63.648000
6.234736 63.648000
6.236368 63.648000
6.238000 63.648000
6.239632 63.648000
6.240864 64.448000
6.242496 64.448000
6.242912 65.280000
6.244144 66.080000
6.245776 66.080000
6.247408 66.080000
6.249040 66.080000
6.250672 66.080000
6.252304 66.080000
6.253936 66.080000
6.255568 66.080000
6.257200 66.080000
6.258832 66.080000
6.260464 66.080000
6.262096 66.080000
6.264128 65.280000
6.265760 65.280000
6.267392 65.280000
6.269024 65.280000
6.271456 65.280000
6.273088 65.280000
6.274720 65.280000
6.276352 65.280000
6.277984 65.280000
6.279616 65.280000
6.281248 65.280000
6.282880 65.280000
6.284512 65.280000
6.286144 65.280000
6.287776 65.280000
6.289408 65.280000
6.291040 65.280000
6.292672 65.280000
6.294304 65.280000
6.295936 65.280000
6.297568 65.280000
6.299200 65.280000
6.300832 65.280000
6.302464 65.280000
6.304096 65.280000
6.305728 65.280000
6.307360 65.280000
6.308592 66.080000
6.310224 66.080000
6.310640 66.912000
6.312272 66.912000
6.313904 66.912000
6.315536 66.912000
6.317168 66.912000
6.318800 66.912000
6.320432 66.912000
6.322064 66.912000
6.323696 66.912000
6.325328 66.912000
6.326960 66.912000
6.328592 66.912000
6.330224 66.912000
6.331856 66.912000
6.333488 66.912000
6.335120 66.912000
6.337552 66.912000
6.339184 66.912000
6.340816 66.912000
6.342448 66.912000
6.344080 66.912000
6.345712 66.912000
6.347344 66.912000
6.348976 66.912000
6.350608 66.912000
6.352240 66.912000
6.353872 66.912000
6.355504 66.912000
6.357136 66.912000
6.358768 66.912000
6.360400 66.912000
6.362032 66.912000
6.363664 66.912000
6.365296 66.912000
6.366928 66.912000
6.368560 66.912000
6.370192 66.912000
6.371824 66.912000
6.373456 66.912000
6.375088 66.912000
6.376720 66.912000
6.377952 67.712000
6.378368 68.544000
6.380000 68.544000
6.381632 68.544000
6.383264 68.544000
6.384896 68.544000
6.386528 68.544000
6.388160 68.544000
6.389792 68.544000
6.391424 68.544000
6.393056 68.544000
6.394688 68.544000
6.396320 68.544000
6.397952 68.544000
6.399584 68.544000
6.401216 68.544000
6.402848 68.544000
6.404880 67.744000
6.406512 67.744000
6.408144 67.744000
6.409776 67.744000
6.411408 67.744000
6.413440 68.544000
6.415072 68.544000
6.416704 68.544000
6.418336 68.544000
6.419968 68.544000
6.421600 68.544000
6.423232 68.544000
6.424864 68.544000
6.426496 68.544000
6.428128 68.544000
6.429760 68.544000
6.431392 68.544000
6.433024 68.544000
6.434656 68.544000
6.436288 68.544000
6.437920 68.544000
6.439552 68.544000
6.441184 68.544000
6.442816 68.544000
6.444448 68.544000
6.446080 68.544000
6.446912 68.544000
6.448144 67.744000
6.448960 69.376000
6.450192 68.576000
6.451424 67.776000
6.453456 68.576000
6.455088 68.576000
6.456720 68.576000
6.458352 68.576000
6.459984 68.576000
6.461616 68.576000
6.463248 68.576000
6.464880 68.576000
6.466512 68.576000
6.468144 68.576000
6.469776 68.576000
6.471408 68.576000
6.473040 68.576000
6.474672 68.576000
6.476304 68.576000
6.477936 68.576000
6.479568 68.576000
6.481600 67.776000
6.483232 67.776000
6.484864 67.776000
6.486496 67.776000
6.488128 67.776000
6.489760 67.776000
6.491392 67.776000
6.493024 67.776000
6.495056 68.576000
6.496688 68.576000
6.498320 68.576000
6.499952 68.576000
6.501584 68.576000
6.503216 68.576000
6.504848 68.576000
6.506480 68.576000
6.508112 68.576000
6.509744 68.576000
6.511376 68.576000
6.513008 68.576000
6.514640 68.576000
6.551376 140.384000
6.584304 201.312000
6.753680 264.224000
6.917088 62.592000
6.917904 64.224000
6.979680 62.592000
6.980496 64.224000
6.981728 63.424000
6.982544 65.056000
7.042272 62.592000
7.042688 63.424000
7.043920 62.624000
7.044336 63.456000
7.045168 63.456000
7.045584 64.288000
7.046816 63.488000
7.047232 64.320000
7.104864 62.592000
7.105280 63.424000
7.106112 63.424000
7.106528 64.256000
7.107360 64.256000
7.107776 65.088000
7.108608 65.088000
7.109440 65.088000
7.110272 65.088000
7.111104 65.088000
7.111936 65.088000
7.167456 62.592000
7.168288 62.592000
7.169120 62.592000
7.169952 62.592000
7.170784 62.592000
7.171616 62.592000
7.172448 62.592000
7.172864 63.424000
7.173696 63.424000
7.174528 63.424000
7.175360 63.424000
7.176192 63.424000
7.230048 62.592000
7.230880 62.592000
7.231712 62.592000
7.232544 62.592000
7.233376 62.592000
7.234208 62.592000
7.235040 62.592000
7.235872 62.592000
7.236288 63.424000
7.237120 63.424000
7.237952 63.424000
7.238784 63.424000
7.239616 63.424000
7.292640 62.592000
7.293472 62.592000
7.294304 62.592000
7.295136 62.592000
7.295968 62.592000
7.296800 62.592000
7.297632 62.592000
7.298464 62.592000
7.299296 62.592000
7.300128 62.592000
7.300544 63.424000
7.301376 63.424000
7.302208 63.424000
7.303040 63.424000
7.355232 62.592000
7.356064 62.592000
7.356896 62.592000
7.357728 62.592000
7.358560 62.592000
7.359392 62.592000
7.360224 62.592000
7.361056 62.592000
7.361888 62.592000
7.362720 62.592000
7.363552 62.592000
7.363968 63.424000
7.364800 63.424000
7.365632 63.424000
7.366464 63.424000
7.417824 62.592000
7.418656 62.592000
7.419488 62.592000
7.420320 62.592000
7.421152 62.592000
7.421984 62.592000
7.422816 62.592000
7.423648 62.592000
7.424480 62.592000
7.425312 62.592000
7.426144 62.592000
7.426976 62.592000
7.427808 62.592000
7.428224 63.424000
7.429056 63.424000
7.429888 63.424000
7.480416 62.592000
7.481248 62.592000
7.482080 62.592000
7.482912 62.592000
7.483744 62.592000
7.484576 62.592000
7.485408 62.592000
7.486240 62.592000
7.487072 62.592000
7.487904 62.592000
7.488736 62.592000
7.489568 62.592000
7.490400 62.592000
7.491232 62.592000
7.491648 63.424000
7.492480 63.424000
7.493312 63.424000
7.543008 62.592000
7.543840 62.592000
7.544672 62.592000
7.545504 62.592000
7.546336 62.592000
7.547168 62.592000
7.548000 62.592000
7.548832 62.592000
7.549664 62.592000
7.550496 62.592000
7.551328 62.592000
7.552160 62.592000
7.552992 62.592000
7.553824 62.592000
7.554656 62.592000
7.555488 62.592000
7.555904 63.424000
7.556736 63.424000
7.605600 62.592000
7.606432 62.592000
7.607264 62.592000
7.608096 62.592000
7.608928 62.592000
7.609760 62.592000
7.610592 62.592000
7.611424 62.592000
7.612256 62.592000
7.613088 62.592000
7.613920 62.592000
7.614752 62.592000
7.615584 62.592000
7.616416 62.592000
7.617248 62.592000
7.618080 62.592000
7.618912 62.592000
7.619328 63.424000
7.620160 63.424000
7.668192 62.592000
7.669024 62.592000
7.669856 62.592000
7.670688 62.592000
7.671520 62.592000
7.672352 62.592000
7.673184 62.592000
7.674016 62.592000
7.674848 62.592000
7.675680 62.592000
7.676512 62.592000
7.677344 62.592000
7.678176 62.592000
7.679008 62.592000
7.679840 62.592000
7.680672 62.592000
7.681504 62.592000
7.682336 62.592000
7.683168 62.592000
7.683584 63.424000
7.730784 62.592000
7.731616 62.592000
7.732448 62.592000
7.733280 62.592000
7.734112 62.592000
7.734944 62.592000
7.735776 62.592000
7.736608 62.592000
7.737440 62.592000
7.738272 62.592000
7.739104 62.592000
7.739936 62.592000
7.740768 62.592000
7.741600 62.592000
7.742432 62.592000
7.743264 62.592000
7.744096 62.592000
7.744928 62.592000
7.745760 62.592000
7.746592 62.592000
7.747008 63.424000
7.793376 62.592000
7.794208 62.592000
7.795040 62.592000
7.795872 62.592000
7.796704 62.592000
7.797536 62.592000
7.798368 62.592000
7.799200 62.592000
7.800032 62.592000
7.800864 62.592000
7.801696 62.592000
7.802528 62.592000
7.803360 62.592000
7.804192 62.592000
7.805024 62.592000
7.805856 62.592000
7.806688 62.592000
7.807520 62.592000
7.808352 62.592000
7.809184 62.592000
7.810016 62.592000
7.855968 62.592000
7.856384 63.424000
7.857216 63.424000
7.858048 63.424000
7.858880 63.424000
7.859712 63.424000
7.860544 63.424000
7.861376 63.424000
7.862208 63.424000
7.863040 63.424000
7.863872 63.424000
7.864704 63.424000
7.865536 63.424000
7.866368 63.424000
7.867200 63.424000
7.868032 63.424000
7.868864 63.424000
7.869696 63.424000
7.870528 63.424000
7.871360 63.424000
7.872192 63.424000
7.873024 63.424000
7.918560 62.592000
7.919392 62.592000
7.919808 63.424000
7.920640 63.424000
7.921472 63.424000
7.922304 63.424000
7.923136 63.424000
7.923968 63.424000
7.924800 63.424000
7.925632 63.424000
7.926464 63.424000
7.927296 63.424000
7.928128 63.424000
7.928960 63.424000
7.929792 63.424000
7.930624 63.424000
7.931456 63.424000
7.932288 63.424000
7.933120 63.424000
7.933952 63.424000
7.934784 63.424000
7.935616 63.424000
7.936448 63.424000
7.981152 62.592000
7.981984 62.592000
7.982816 62.592000
7.983648 62.592000
7.984064 63.424000
7.984896 63.424000
7.985728 63.424000
7.986560 63.424000
7.987392 63.424000
7.988224 63.424000
7.989056 63.424000
7.989888 63.424000
7.990720 63.424000
7.991552 63.424000
7.992384 63.424000
7.993216 63.424000
7.994048 63.424000
7.994880 63.424000
7.995712 63.424000
7.996544 63.424000
7.997376 63.424000
7.998208 63.424000
7.999040 63.424000
7.999872 63.424000
8.043744 62.592000
8.044576 62.592000
8.045408 62.592000
8.046240 62.592000
8.047072 62.592000
8.047488 63.424000
8.048320 63.424000
8.049152 63.424000
8.049984 63.424000
8.050816 63.424000
8.051648 63.424000
8.052480 63.424000
8.053312 63.424000
8.054144 63.424000
8.054976 63.424000
8.055808 63.424000
8.056640 63.424000
8.057472 63.424000
8.058304 63.424000
8.059136 63.424000
8.059968 63.424000
8.060800 63.424000
8.061632 63.424000
8.062464 63.424000
8.063296 63.424000
8.106336 62.592000
8.107168 62.592000
8.108000 62.592000
8.108832 62.592000
8.109664 62.592000
8.110496 62.592000
8.111328 62.592000
8.111744 63.424000
8.112576 63.424000
8.113408 63.424000
8.114240 63.424000
8.115072 63.424000
8.115904 63.424000
8.116736 63.424000
8.117568 63.424000
8.118400 63.424000
8.119232 63.424000
8.120064 63.424000
8.120896 63.424000
8.121728 63.424000
8.122560 63.424000
8.123392 63.424000
8.124224 63.424000
8.125056 63.424000
8.125888 63.424000
8.126720 63.424000
8.168928 62.592000
8.169760 62.592000
8.170592 62.592000
8.171424 62.592000
8.172256 62.592000
8.173088 62.592000
8.173920 62.592000
8.174752 62.592000
8.175168 63.424000
8.176000 63.424000
8.176832 63.424000
8.177664 63.424000
8.178496 63.424000
8.179328 63.424000
8.180160 63.424000
8.180992 63.424000
8.181824 63.424000
8.182656 63.424000
8.183488 63.424000
8.184320 63.424000
8.185152 63.424000
8.185984 63.424000
8.186816 63.424000
8.187648 63.424000
8.188480 63.424000
8.189312 63.424000
8.190144 63.424000
8.231520 62.592000
8.232352 62.592000
8.233184 62.592000
8.234016 62.592000
8.234848 62.592000
8.235680 62.592000
8.236512 62.592000
8.237344 62.592000
8.238176 62.592000
8.239008 62.592000
8.239424 63.424000
8.240256 63.424000
8.241088 63.424000
8.241920 63.424000
8.242752 63.424000
8.243584 63.424000
8.244416 63.424000
8.245248 63.424000
8.246080 63.424000
8.246912 63.424000
8.247744 63.424000
8.248576 63.424000
8.249408 63.424000
8.250240 63.424000
8.251072 63.424000
8.251904 63.424000
8.252736 63.424000
8.253568 63.424000
8.294112 62.592000
8.294944 62.592000
8.295776 62.592000
8.296608 62.592000
8.297440 62.592000
8.298272 62.592000
8.299104 62.592000
8.299936 62.592000
8.300768 62.592000
8.301600 62.592000
8.302432 62.592000
8.302848 63.424000
8.303680 63.424000
8.304512 63.424000
8.305344 63.424000
8.306176 63.424000
8.307008 63.424000
8.307840 63.424000
8.308672 63.424000
8.309504 63.424000
8.310336 63.424000
8.311168 63.424000
8.312000 63.424000
8.312832 63.424000
8.313664 63.424000
8.314496 63.424000
8.315328 63.424000
8.316160 63.424000
8.316992 63.424000
8.356704 62.592000
8.357536 62.592000
8.358368 62.592000
8.359200 62.592000
8.360032 62.592000
8.360864 62.592000
8.361696 62.592000
8.362528 62.592000
8.363360 62.592000
8.364192 62.592000
8.365024 62.592000
8.365856 62.592000
8.366272 63.424000
8.367104 63.424000
8.367936 63.424000
8.368768 63.424000
8.369600 63.424000
8.370432 63.424000
8.371264 63.424000
8.372096 63.424000
8.372928 63.424000
8.373760 63.424000
8.374592 63.424000
8.375424 63.424000
8.376256 63.424000
8.377088 63.424000
8.377920 63.424000
8.378752 63.424000
8.379584 63.424000
8.380416 63.424000
8.419296 62.592000
8.420128 62.592000
8.420960 62.592000
8.421792 62.592000
8.422624 62.592000
8.423456 62.592000
8.424288 62.592000
8.425120 62.592000
8.425952 62.592000
8.426784 62.592000
8.427616 62.592000
8.428448 62.592000
8.429280 62.592000
8.430112 62.592000
8.430528 63.424000
8.431360 63.424000
8.432192 63.424000
8.433024 63.424000
8.433856 63.424000
8.434688 63.424000
8.435520 63.424000
8.436352 63.424000
8.437184 63.424000
8.438016 63.424000
8.438848 63.424000
8.439680 63.424000
8.440512 63.424000
8.441344 63.424000
8.442176 63.424000
8.443008 63.424000
8.443840 63.424000
8.481888 62.592000
8.482720 62.592000
8.483552 62.592000
8.484384 62.592000
8.485216 62.592000
8.486048 62.592000
8.486880 62.592000
8.487712 62.592000
8.488544 62.592000
8.489376 62.592000
8.490208 62.592000
8.491040 62.592000
8.491872 62.592000
8.492704 62.592000
8.493536 62.592000
8.493952 63.424000
8.494784 63.424000
8.495616 63.424000
8.496448 63.424000
8.497280 63.424000
8.498112 63.424000
8.498944 63.424000
8.499776 63.424000
8.500608 63.424000
8.501440 63.424000
8.502272 63.424000
8.503104 63.424000
8.503936 63.424000
8.504768 63.424000
8.505600 63.424000
8.506432 63.424000
8.507264 63.424000
8.544480 62.592000
8.545312 62.592000
8.546144 62.592000
8.546976 62.592000
8.547808 62.592000
8.548640 62.592000
8.549472 62.592000
8.550304 62.592000
8.551136 62.592000
8.551968 62.592000
8.552800 62.592000
8.553632 62.592000
8.554464 62.592000
8.555296 62.592000
8.556128 62.592000
8.556960 62.592000
8.557792 62.592000
8.558208 63.424000
8.559040 63.424000
8.559872 63.424000
8.560704 63.424000
8.561536 63.424000
8.562368 63.424000
8.563200 63.424000
8.564032 63.424000
8.564864 63.424000
8.565696 63.424000
8.566528 63.424000
8.567360 63.424000
8.568192 63.424000
8.569024 63.424000
8.569856 63.424000
8.570688 63.424000
8.607072 62.592000
8.607904 62.592000
8.608736 62.592000
8.609568 62.592000
8.610400 62.592000
8.611232 62.592000
8.612064 62.592000
8.612896 62.592000
8.613728 62.592000
8.614560 62.592000
8.615392 62.592000
8.616224 62.592000
8.617056 62.592000
8.617888 62.592000
8.618720 62.592000
8.619552 62.592000
8.620384 62.592000
8.621216 62.592000
8.621632 63.424000
8.622464 63.424000
8.623296 63.424000
8.624128 63.424000
8.624960 63.424000
8.625792 63.424000
8.626624 63.424000
8.627456 63.424000
8.628288 63.424000
8.629120 63.424000
8.629952 63.424000
8.630784 63.424000
8.631616 63.424000
8.632448 63.424000
8.633280 63.424000
8.634112 63.424000
8.669664 62.592000
8.670496 62.592000
8.671328 62.592000
8.672160 62.592000
8.672992 62.592000
8.673824 62.592000
8.674656 62.592000
8.675488 62.592000
8.676320 62.592000
8.677152 62.592000
8.677984 62.592000
8.678816 62.592000
8.679648 62.592000
8.680480 62.592000
8.681312 62.592000
8.682144 62.592000
8.682976 62.592000
8.683808 62.592000
8.684640 62.592000
8.685472 62.592000
8.685888 63.424000
8.686720 63.424000
8.687552 63.424000
8.688384 63.424000
8.689216 63.424000
8.690048 63.424000
8.690880 63.424000
8.691712 63.424000
8.692544 63.424000
8.693376 63.424000
8.694208 63.424000
8.695040 63.424000
8.695872 63.424000
8.696704 63.424000
8.697536 63.424000
8.732256 62.592000
8.733088 62.592000
8.733920 62.592000
8.734752 62.592000
8.735584 62.592000
8.736416 62.592000
8.737248 62.592000
8.738080 62.592000
8.738912 62.592000
8.739744 62.592000
8.740576 62.592000
8.741408 62.592000
8.742240 62.592000
8.743072 62.592000
8.743904 62.592000
8.744736 62.592000
8.745568 62.592000
8.746400 62.592000
8.747232 62.592000
8.748064 62.592000
8.748896 62.592000
8.749312 63.424000
8.750144 63.424000
8.750976 63.424000
8.751808 63.424000
8.752640 63.424000
8.753472 63.424000
8.754304 63.424000
8.755136 63.424000
8.755968 63.424000
8.756800 63.424000
8.757632 63.424000
8.758464 63.424000
8.759296 63.424000
8.760128 63.424000
8.760960 63.424000
8.794848 62.592000
8.795680 62.592000
8.796512 62.592000
8.797344 62.592000
8.798176 62.592000
8.799008 62.592000
8.799840 62.592000
8.800672 62.592000
8.801504 62.592000
8.802336 62.592000
8.803168 62.592000
8.804000 62.592000
8.804832 62.592000
8.805664 62.592000
8.806496 62.592000
8.807328 62.592000
8.808160 62.592000
8.808992 62.592000
8.809824 62.592000
8.810656 62.592000
8.811488 62.592000
8.812320 62.592000
8.813152 62.592000
8.813568 63.424000
8.814400 63.424000
8.815232 63.424000
8.816064 63.424000
8.816896 63.424000
8.817728 63.424000
8.818560 63.424000
8.819392 63.424000
8.820224 63.424000
8.821056 63.424000
8.821888 63.424000
8.822720 63.424000
8.823552 63.424000
8.824384 63.424000
8.857440 62.592000
8.858272 62.592000
8.859104 62.592000
8.859936 62.592000
8.860768 62.592000
8.861600 62.592000
8.862432 62.592000
8.863264 62.592000
8.864096 62.592000
8.864928 62.592000
8.865760 62.592000
8.866592 62.592000
8.867424 62.592000
8.868256 62.592000
8.869088 62.592000
8.869920 62.592000
8.870752 62.592000
8.871584 62.592000
8.872416 62.592000
8.873248 62.592000
8.874080 62.592000
8.874912 62.592000
8.875744 62.592000
8.876576 62.592000
8.876992 63.424000
8.877824 63.424000
8.878656 63.424000
8.879488 63.424000
8.880320 63.424000
8.881152 63.424000
8.881984 63.424000
8.882816 63.424000
8.883648 63.424000
8.884480 63.424000
8.885312 63.424000
8.886144 63.424000
8.886976 63.424000
8.887808 63.424000
8.920032 62.592000
8.920864 62.592000
8.921696 62.592000
8.922528 62.592000
8.923360 62.592000
8.924192 62.592000
8.925024 62.592000
8.925856 62.592000
8.926688 62.592000
8.927520 62.592000
8.928352 62.592000
8.929184 62.592000
8.930016 62.592000
8.930848 62.592000
8.931680 62.592000
8.932512 62.592000
8.933344 62.592000
8.934176 62.592000
8.935008 62.592000
8.935840 62.592000
8.936672 62.592000
8.937504 62.592000
8.938336 62.592000
8.939168 62.592000
8.940000 62.592000
8.940832 62.592000
8.941248 63.424000
8.942080 63.424000
8.942912 63.424000
8.943744 63.424000
8.944576 63.424000
8.945408 63.424000
8.946240 63.424000
8.947072 63.424000
8.947904 63.424000
8.948736 63.424000
8.949568 63.424000
8.950400 63.424000
8.951232 63.424000
8.982624 62.592000
8.983456 62.592000
8.984288 62.592000
8.985120 62.592000
8.985952 62.592000
8.986784 62.592000
8.987616 62.592000
8.988448 62.592000
8.989280 62.592000
8.990112 62.592000
8.990944 62.592000
8.991776 62.592000
8.992608 62.592000
8.993440 62.592000
8.994272 62.592000
8.995104 62.592000
8.995936 62.592000
8.996768 62.592000
8.997600 62.592000
8.998432 62.592000
8.999264 62.592000
9.000096 62.592000
9.000928 62.592000
9.001760 62.592000
9.002592 62.592000
9.003424 62.592000
9.004256 62.592000
9.004672 63.424000
9.005504 63.424000
9.006336 63.424000
9.007168 63.424000
9.008000 63.424000
9.008832 63.424000
9.009664 63.424000
9.010496 63.424000
9.011328 63.424000
9.012160 63.424000
9.012992 63.424000
9.013824 63.424000
9.014656 63.424000
