0.030096
0.091488
0.091904
0.15408
0.154496
0.155328
0.155744
0.216672
0.217088
0.21792
0.218336
0.219168
0.219584
0.220416
0.220832
0.279264
0.27968
0.280512
0.280928
0.28176
0.282176
0.283008
0.283424
0.284256
0.284672
0.285504
0.28592
0.286752
0.287168
0.345184
0.408192
0.509024
0.541152
0.572864
0.574112
0.604992
0.60624
0.695552
0.923232
0.923648
0.924064
0.92448
0.924896
0.983328
1.047584
1.05424
1.106848
1.113504
1.11392
1.116832
1.16944
1.176096
1.176928
1.177344
1.179424
1.232032
1.238688
1.23952
1.240352
1.240768
1.242016
1.294624
1.30128
1.302112
1.302944
1.303776
1.304608
1.305024
1.357216
1.363872
1.364704
1.365536
1.366368
1.3672
1.368032
1.368448
1.419808
1.426464
1.427296
1.428128
1.42896
1.429792
1.430624
1.431456
1.4824
1.482816
1.489056
1.489888
1.49072
1.491552
1.492384
1.493216
1.494048
1.544992
1.545824
1.54624
1.551648
1.55248
1.553312
1.554144
1.554976
1.555808
1.55664
1.607584
1.608416
1.609248
1.61424
1.614656
1.615488
1.61632
1.617152
1.617984
1.618816
1.619648
1.670176
1.671008
1.67184
1.676832
1.677664
1.67808
1.678912
1.679744
1.680576
1.681408
1.68224
1.683072
1.732768
1.7336
1.734432
1.739424
1.740256
1.741088
1.74192
1.742336
1.743168
1.744
1.744832
1.745664
1.746496
1.79536
1.796192
1.797024
1.802016
1.802848
1.80368
1.804512
1.805344
1.80576
1.806592
1.807424
1.808256
1.809088
1.80992
1.857952
1.858784
1.859616
1.864608
1.86544
1.866272
1.867104
1.867936
1.868768
1.869184
1.870016
1.870848
1.87168
1.872512
1.873344
1.920544
1.921376
1.922208
1.9272
1.928032
1.928864
1.929696
1.930528
1.93136
1.932192
1.933024
1.93344
1.934272
1.935104
1.935936
1.936768
1.983136
1.983968
1.9848
1.989792
1.990624
1.991456
1.992288
1.99312
1.993952
1.994784
1.995616
1.996448
1.996864
1.997696
1.998528
1.99936
2.000192
2.046096
2.046928
2.04816
2.052624
2.053456
2.054688
2.05552
2.056752
2.057584
2.058816
2.059648
2.06088
2.061712
2.062944
2.06336
2.064592
2.065424
2.066656
2.109056
2.110288
2.11192
2.115456
2.116688
2.11832
2.119152
2.120784
2.122016
2.123648
2.12448
2.126112
2.127344
2.128976
2.129808
2.130624
2.131856
2.133088
2.13472
2.171648
2.17328
2.174912
2.178048
2.17968
2.181312
2.182544
2.184176
2.185808
2.18744
2.188272
2.189904
2.191536
2.193168
2.1944
2.196032
2.197264
2.19768
2.199312
2.200944
2.23424
2.235872
2.237504
2.24064
2.242272
2.243904
2.245536
2.247168
2.2488
2.250432
2.251664
2.253296
2.254928
2.25656
2.258192
2.259824
2.261456
2.262688
2.263104
2.264736
2.266368
2.296832
2.298864
2.300496
2.303232
2.305264
2.306896
2.308528
2.31016
2.311792
2.313424
2.315056
2.316688
2.31832
2.319952
2.321584
2.323216
2.324848
2.32648
2.327312
2.328944
2.32976
2.330992
2.359744
2.361856
2.363488
2.366144
2.368256
2.369888
2.37152
2.373152
2.374784
2.376416
2.378048
2.37968
2.381312
2.382944
2.384576
2.386208
2.38784
2.389472
2.390704
2.392336
2.393968
2.394384
2.395616
2.422656
2.424448
2.42608
2.429056
2.430848
2.43248
2.434112
2.435744
2.437376
2.439008
2.44064
2.442272
2.443904
2.445536
2.447168
2.4488
2.450432
2.452464
2.454096
2.455728
2.45736
2.458192
2.459824
2.46064
2.485248
2.48704
2.488672
2.491648
2.49344
2.495072
2.496704
2.498336
2.499968
2.5016
2.503232
2.505264
2.506896
2.508528
2.51016
2.511792
2.513424
2.515456
2.517088
2.51872
2.520352
2.521584
2.523216
2.524848
2.525264
2.54784
2.549632
2.551664
2.55424
2.556032
2.558064
2.559696
2.561328
2.56296
2.564592
2.566224
2.568256
2.569888
2.57152
2.573152
2.574784
2.576416
2.578048
2.57968
2.581312
2.582944
2.584576
2.586208
2.58784
2.589072
2.610432
2.611248
2.61296
2.614992
2.616896
2.619008
2.621056
2.622688
2.62432
2.625952
2.627584
2.629216
2.630848
2.63248
2.634112
2.635744
2.637376
2.639008
2.64064
2.642272
2.643904
2.645536
2.647168
2.6488
2.650432
2.652464
2.673344
2.674976
2.675392
2.677024
2.678656
2.680288
2.68232
2.683968
2.6856
2.687232
2.688864
2.690496
2.692128
2.69376
2.695392
2.697024
2.698656
2.700288
2.70192
2.703552
2.705584
2.707216
2.708848
2.71048
2.712112
2.713744
2.715776
2.736256
2.737888
2.73912
2.740752
2.741168
2.7428
2.744432
2.746064
2.747696
2.749328
2.75096
2.752592
2.754224
2.755856
2.757488
2.75912
2.760752
2.762384
2.764016
2.765648
2.76728
2.769712
2.771344
2.772976
2.774608
2.77624
2.777872
2.779504
2.798848
2.80048
2.802112
2.803744
2.804976
2.805392
2.807024
2.808656
2.810288
2.81192
2.813552
2.815184
2.816816
2.818448
2.82008
2.821712
2.823344
2.824976
2.826608
2.82824
2.829872
2.831504
2.833936
2.835568
2.8372
2.838832
2.840464
2.842096
2.843728
2.86144
2.863072
2.864704
2.866336
2.867968
2.8692
2.870832
2.871648
2.87288
2.874512
2.876144
2.877776
2.879408
2.88104
2.882672
2.884304
2.885936
2.887568
2.8892
2.890832
2.892464
2.894096
2.895728
2.89816
2.899792
2.901424
2.903056
2.904688
2.90632
2.907952
2.924032
2.926064
2.927696
2.929328
2.93096
2.932592
2.934224
2.935856
2.936272
2.937504
2.938736
2.940368
2.942
2.943632
2.945264
2.946896
2.948528
2.95016
2.951792
2.953424
2.955056
2.956688
2.95832
2.959952
2.962384
2.964016
2.965648
2.96728
2.968912
2.970544
2.972176
2.986944
2.989056
2.990688
2.99232
2.993952
2.995584
2.997216
2.998848
3.00008
3.001712
3.002128
3.00336
3.004592
3.006224
3.007856
3.009488
3.01112
3.012752
3.014384
3.016016
3.017648
3.01968
3.021312
3.022944
3.024576
3.026608
3.02824
3.029872
3.031504
3.033136
3.034768
3.0364
3.049856
3.051648
3.05328
3.054912
3.056544
3.058176
3.059808
3.06144
3.063072
3.064704
3.065936
3.066352
3.067984
3.068816
3.070448
3.07248
3.074112
3.075744
3.077376
3.079008
3.08064
3.082272
3.084304
3.085936
3.087568
3.0892
3.090832
3.092464
3.094096
3.095728
3.09736
3.098992
3.100624
3.112448
3.11424
3.115872
3.117504
3.119136
3.120768
3.1224
3.124032
3.126064
3.127696
3.129328
3.13016
3.131792
3.132608
3.13344
3.135072
3.137104
3.138736
3.140368
3.142
3.143632
3.145264
3.146896
3.148528
3.15016
3.151792
3.153424
3.155056
3.156688
3.15832
3.159952
3.161584
3.163216
3.164848
3.17504
3.176832
3.178864
3.180496
3.182128
3.18376
3.185392
3.187024
3.189056
3.190688
3.19232
3.193552
3.195184
3.196816
3.197232
3.198464
3.199696
3.201328
3.20296
3.204592
3.206224
3.207856
3.209488
3.21112
3.212752
3.214384
3.216016
3.217648
3.21968
3.221312
3.222944
3.224576
3.226208
3.22784
3.229472
3.237632
3.239744
3.241856
3.243488
3.24512
3.246752
3.248384
3.250016
3.251648
3.25328
3.254912
3.256544
3.258176
3.259808
3.26104
3.261456
3.263088
3.26392
3.265552
3.267184
3.268816
3.270448
3.27248
3.274112
3.275744
3.277376
3.279008
3.28064
3.282272
3.284304
3.285936
3.287568
3.2892
3.290832
3.292464
3.294096
3.300544
3.302656
3.304448
3.30608
3.307712
3.309344
3.310976
3.312608
3.31424
3.315872
3.317504
3.319136
3.320768
3.3224
3.324032
3.325264
3.326896
3.327712
3.328544
3.330176
3.331808
3.33344
3.335072
3.337104
3.338736
3.340368
3.342
3.343632
3.345264
3.346896
3.348528
3.35016
3.351792
3.353424
3.355056
3.356688
3.35832
3.363456
3.365248
3.36704
3.368672
3.370304
3.371936
3.373568
3.3752
3.376832
3.378864
3.380496
3.382128
3.38376
3.385392
3.387024
3.388656
3.390288
3.39192
3.392336
3.393568
3.3948
3.396432
3.398064
3.399696
3.401328
3.40296
3.404592
3.406224
3.407856
3.409488
3.41112
3.412752
3.414384
3.416016
3.417648
3.41968
3.421312
3.422944
3.42632
3.428032
3.429744
3.431776
3.433408
3.43504
3.436672
3.438304
3.439936
3.441968
3.4436
3.445232
3.446864
3.448496
3.450128
3.45176
3.453392
3.455024
3.456256
3.457888
3.458304
3.459536
3.460768
3.4624
3.464032
3.465664
3.467296
3.468928
3.47056
3.472592
3.474224
3.475856
3.477488
3.47912
3.480752
3.482384
3.484416
3.486048
3.48768
3.490112
3.491744
3.493376
3.495408
3.49704
3.498672
3.500304
3.501936
3.503568
3.5052
3.506832
3.508464
3.510096
3.511728
3.51336
3.515392
3.517024
3.518656
3.520288
3.52192
3.522752
3.523568
3.5248
3.526032
3.527664
3.529296
3.530928
3.53256
3.534192
3.535824
3.537856
3.539488
3.54112
3.542752
3.544384
3.546016
3.547648
3.54928
3.550912
3.552544
3.554976
3.556608
3.55824
3.559872
3.561504
3.563136
3.564768
3.5664
3.568032
3.569664
3.571296
3.572928
3.57456
3.576192
3.577824
3.580256
3.581888
3.58352
3.585152
3.586784
3.587616
3.589248
3.59048
3.590896
3.592528
3.59416
3.595792
3.597424
3.599056
3.600688
3.60232
3.603952
3.605584
3.607216
3.608848
3.61048
3.612112
3.613744
3.615376
3.617008
3.61864
3.621072
3.622704
3.624336
3.625968
3.6276
3.629232
3.630864
3.632496
3.634128
3.63576
3.637392
3.639024
3.640656
3.642288
3.64392
3.646352
3.647984
3.649616
3.651248
3.65288
3.653712
3.655344
3.656976
3.658208
3.658624
3.660256
3.661888
3.66352
3.665152
3.666784
3.668416
3.670048
3.67168
3.673312
3.674944
3.676576
3.678208
3.67984
3.681472
3.683104
3.684736
3.686368
3.6888
3.690432
3.692064
3.693696
3.695328
3.69696
3.698592
3.700224
3.701856
3.703488
3.70512
3.706752
3.708384
3.710016
3.711648
3.71368
3.715312
3.716944
3.718576
3.720208
3.72144
3.723072
3.724704
3.762224
3.795152
3.964672
4.128256
4.129072
4.190848
4.191664
4.192896
4.193712
4.25344
4.254256
4.255488
4.256304
4.257136
4.257952
4.259184
4.26
4.316032
4.316848
4.31848
4.318896
4.320128
4.320544
4.322176
4.323008
4.32464
4.325472
4.327104
4.378944
4.380576
4.382208
4.38304
4.384672
4.385904
4.387536
4.387952
4.389184
4.390416
4.391648
4.39328
4.441856
4.443488
4.44512
4.446352
4.447984
4.449616
4.451248
4.45208
4.452896
4.454128
4.45536
4.456992
4.458624
4.504448
4.50608
4.507712
4.509344
4.510976
4.512608
4.51424
4.515472
4.517104
4.517936
4.518752
4.519984
4.521616
4.523248
4.56704
4.568672
4.570304
4.571936
4.573568
4.5752
4.576832
4.578864
4.580496
4.581328
4.58296
4.583776
4.584608
4.58624
4.587872
4.629632
4.631664
4.633296
4.634928
4.63656
4.638192
4.639824
4.641856
4.643488
4.64472
4.646352
4.647984
4.648816
4.649632
4.650864
4.652496
4.692544
4.694656
4.696288
4.69792
4.699552
4.701184
4.702816
4.704448
4.70608
4.707712
4.709344
4.710976
4.712208
4.71384
4.714256
4.715488
4.71672
4.755456
4.757248
4.75888
4.760512
4.762144
4.763776
4.765408
4.76704
4.768672
4.770304
4.771936
4.773568
4.7752
4.776832
4.778064
4.779696
4.780512
4.781344
4.818048
4.81984
4.821472
4.823104
4.824736
4.826368
4.828
4.829632
4.831664
4.833296
4.834928
4.83656
4.838192
4.839824
4.841456
4.843088
4.84472
4.845136
4.846368
4.88064
4.882432
4.884464
4.886096
4.887728
4.88936
4.890992
4.892624
4.894656
4.896288
4.89792
4.899552
4.901184
4.902816
4.904448
4.90608
4.907712
4.908944
4.910576
4.910992
4.943232
4.945344
4.947456
4.949088
4.95072
4.952352
4.953984
4.955616
4.957248
4.95888
4.960512
4.962144
4.963776
4.965408
4.96704
4.968672
4.970304
4.971936
4.973568
4.9748
4.975216
5.006144
5.008256
5.010048
5.01168
5.013312
5.014944
5.016576
5.018208
5.01984
5.021472
5.023104
5.024736
5.026368
5.028
5.029632
5.031664
5.033296
5.034928
5.03656
5.038192
5.039024
5.069056
5.069872
5.071184
5.072896
5.074528
5.07616
5.077792
5.079424
5.081056
5.082688
5.08472
5.086352
5.087984
5.089616
5.091248
5.09288
5.094912
5.096544
5.098176
5.099808
5.10144
5.102672
5.131648
5.13328
5.134096
5.134928
5.13656
5.138192
5.139824
5.141456
5.143088
5.14472
5.146352
5.148384
5.150016
5.151648
5.15368
5.155312
5.156944
5.158576
5.160208
5.16184
5.163472
5.165104
5.166736
5.19424
5.195872
5.197504
5.198736
5.199152
5.200784
5.202416
5.204048
5.20568
5.207312
5.208944
5.210576
5.212208
5.21384
5.215472
5.217904
5.219536
5.221168
5.2228
5.224432
5.226064
5.227696
5.229328
5.23096
5.256832
5.258864
5.260496
5.262128
5.26296
5.263776
5.265008
5.26664
5.268272
5.269904
5.271536
5.273168
5.2748
5.276432
5.278064
5.279696
5.282128
5.28376
5.285392
5.287024
5.288656
5.290288
5.29192
5.293552
5.295184
5.319744
5.321856
5.323488
5.32512
5.326352
5.327984
5.328816
5.329632
5.330864
5.332496
5.334128
5.33576
5.337392
5.339024
5.340656
5.342288
5.34392
5.346352
5.347984
5.349616
5.351248
5.35288
5.354512
5.356144
5.357776
5.359408
5.382656
5.384448
5.38608
5.387712
5.389344
5.390976
5.392208
5.39384
5.394256
5.395488
5.39672
5.398352
5.399984
5.401616
5.403248
5.40528
5.406912
5.408544
5.410576
5.412208
5.41384
5.415472
5.417104
5.418736
5.420368
5.422
5.423632
5.445248
5.44704
5.448672
5.450304
5.451936
5.453568
5.4552
5.456832
5.458064
5.459696
5.460512
5.461344
5.462976
5.464608
5.46624
5.467872
5.469904
5.471536
5.473168
5.4748
5.476432
5.478064
5.479696
5.481328
5.48296
5.484592
5.486224
5.487856
5.50784
5.509632
5.511664
5.513296
5.514928
5.51656
5.518192
5.519824
5.521456
5.523088
5.52472
5.525136
5.526368
5.5276
5.529232
5.530864
5.532496
5.534128
5.53576
5.537392
5.539024
5.540656
5.542288
5.54392
5.545552
5.547184
5.548816
5.550448
5.55248
5.570432
5.572544
5.574656
5.576288
5.57792
5.579552
5.581184
5.582816
5.584448
5.58608
5.587712
5.588944
5.58936
5.590992
5.591824
5.593456
5.595088
5.59672
5.598352
5.599984
5.601616
5.603248
5.60528
5.606912
5.608544
5.610176
5.611808
5.61344
5.615072
5.617104
5.633344
5.635456
5.637248
5.63888
5.640512
5.642144
5.643776
5.645408
5.64704
5.648672
5.650304
5.651936
5.653168
5.6548
5.655216
5.656448
5.65808
5.659712
5.661344
5.662976
5.664608
5.66624
5.667872
5.669904
5.671536
5.673168
5.6748
5.676432
5.678064
5.679696
5.681328
5.696256
5.698048
5.69984
5.701472
5.703104
5.704736
5.706368
5.708
5.709632
5.711664
5.713296
5.714928
5.71656
5.718192
5.719024
5.71984
5.721072
5.722704
5.724336
5.725968
5.7276
5.729232
5.730864
5.732496
5.734128
5.73576
5.737392
5.739024
5.740656
5.742288
5.74392
5.745552
5.758848
5.76064
5.762432
5.764464
5.766096
5.767728
5.76936
5.770992
5.772624
5.774656
5.776288
5.77792
5.779552
5.781184
5.782416
5.784048
5.78488
5.785696
5.786928
5.78856
5.790192
5.791824
5.793456
5.795088
5.79672
5.798352
5.799984
5.801616
5.803248
5.80528
5.806912
5.808544
5.810176
5.82144
5.823232
5.825344
5.827456
5.829088
5.83072
5.832352
5.833984
5.835616
5.837248
5.83888
5.840512
5.842144
5.843776
5.845408
5.84704
5.848272
5.849904
5.85032
5.851552
5.852784
5.854416
5.856048
5.85808
5.859712
5.861344
5.862976
5.864608
5.86624
5.867872
5.869904
5.871536
5.873168
5.8748
5.884032
5.886144
5.888256
5.890048
5.89168
5.893312
5.894944
5.896576
5.898208
5.89984
5.901472
5.903104
5.904736
5.906368
5.908
5.909632
5.911664
5.913296
5.914128
5.91576
5.916576
5.917408
5.91904
5.920672
5.922704
5.924336
5.925968
5.9276
5.929232
5.930864
5.932496
5.934128
5.93576
5.937392
5.939024
5.946944
5.949056
5.950848
5.95264
5.954272
5.955904
5.957536
5.959168
5.9608
5.962432
5.964464
5.966096
5.967728
5.96936
5.970992
5.972624
5.974656
5.976288
5.97752
5.979152
5.980784
5.9812
5.982432
5.983664
5.985296
5.986928
5.98856
5.990192
5.991824
5.993456
5.995088
5.99672
5.998352
5.999984
6.001616
6.003248
6.009856
6.011648
6.01344
6.015232
6.017264
6.018896
6.020528
6.02216
6.023792
6.025424
6.027456
6.029088
6.03072
6.032352
6.033984
6.035616
6.037248
6.03888
6.040512
6.042144
6.043776
6.045008
6.04664
6.047056
6.048288
6.04952
6.051152
6.052784
6.054416
6.056048
6.05808
6.059712
6.061344
6.062976
6.064608
6.06624
6.067872
6.072448
6.07424
6.076032
6.078144
6.080256
6.081888
6.08352
6.085152
6.086784
6.088416
6.090048
6.09168
6.093312
6.094944
6.096576
6.098208
6.09984
6.101472
6.103104
6.104736
6.106368
6.108
6.109632
6.110864
6.11168
6.112912
6.114144
6.115776
6.117408
6.11904
6.120672
6.122704
6.124336
6.125968
6.1276
6.129232
6.130864
6.132496
6.135392
6.137104
6.139216
6.141248
6.14296
6.144592
6.146224
6.147856
6.149488
6.15112
6.152752
6.154384
6.156016
6.157648
6.15928
6.160912
6.162544
6.164576
6.166208
6.16784
6.169472
6.171104
6.172736
6.174368
6.176
6.176832
6.177648
6.17888
6.180512
6.182144
6.183776
6.185408
6.18704
6.188672
6.190304
6.191936
6.193568
6.1952
6.196832
6.199264
6.200896
6.202928
6.20456
6.206592
6.208224
6.209856
6.211488
6.21312
6.214752
6.216384
6.218016
6.219648
6.22128
6.222912
6.224544
6.226176
6.228208
6.22984
6.231472
6.233104
6.234736
6.236368
6.238
6.239632
6.240864
6.242496
6.242912
6.244144
6.245776
6.247408
6.24904
6.250672
6.252304
6.253936
6.255568
6.2572
6.258832
6.260464
6.262096
6.264128
6.26576
6.267392
6.269024
6.271456
6.273088
6.27472
6.276352
6.277984
6.279616
6.281248
6.28288
6.284512
6.286144
6.287776
6.289408
6.29104
6.292672
6.294304
6.295936
6.297568
6.2992
6.300832
6.302464
6.304096
6.305728
6.30736
6.308592
6.310224
6.31064
6.312272
6.313904
6.315536
6.317168
6.3188
6.320432
6.322064
6.323696
6.325328
6.32696
6.328592
6.330224
6.331856
6.333488
6.33512
6.337552
6.339184
6.340816
6.342448
6.34408
6.345712
6.347344
6.348976
6.350608
6.35224
6.353872
6.355504
6.357136
6.358768
6.3604
6.362032
6.363664
6.365296
6.366928
6.36856
6.370192
6.371824
6.373456
6.375088
6.37672
6.377952
6.378368
6.38
6.381632
6.383264
6.384896
6.386528
6.38816
6.389792
6.391424
6.393056
6.394688
6.39632
6.397952
6.399584
6.401216
6.402848
6.40488
6.406512
6.408144
6.409776
6.411408
6.41344
6.415072
6.416704
6.418336
6.419968
6.4216
6.423232
6.424864
6.426496
6.428128
6.42976
6.431392
6.433024
6.434656
6.436288
6.43792
6.439552
6.441184
6.442816
6.444448
6.44608
6.446912
6.448144
6.44896
6.450192
6.451424
6.453456
6.455088
6.45672
6.458352
6.459984
6.461616
6.463248
6.46488
6.466512
6.468144
6.469776
6.471408
6.47304
6.474672
6.476304
6.477936
6.479568
6.4816
6.483232
6.484864
6.486496
6.488128
6.48976
6.491392
6.493024
6.495056
6.496688
6.49832
6.499952
6.501584
6.503216
6.504848
6.50648
6.508112
6.509744
6.511376
6.513008
6.51464
6.551376
6.584304
6.75368
6.917088
6.917904
6.97968
6.980496
6.981728
6.982544
7.042272
7.042688
7.04392
7.044336
7.045168
7.045584
7.046816
7.047232
7.104864
7.10528
7.106112
7.106528
7.10736
7.107776
7.108608
7.10944
7.110272
7.111104
7.111936
7.167456
7.168288
7.16912
7.169952
7.170784
7.171616
7.172448
7.172864
7.173696
7.174528
7.17536
7.176192
7.230048
7.23088
7.231712
7.232544
7.233376
7.234208
7.23504
7.235872
7.236288
7.23712
7.237952
7.238784
7.239616
7.29264
7.293472
7.294304
7.295136
7.295968
7.2968
7.297632
7.298464
7.299296
7.300128
7.300544
7.301376
7.302208
7.30304
7.355232
7.356064
7.356896
7.357728
7.35856
7.359392
7.360224
7.361056
7.361888
7.36272
7.363552
7.363968
7.3648
7.365632
7.366464
7.417824
7.418656
7.419488
7.42032
7.421152
7.421984
7.422816
7.423648
7.42448
7.425312
7.426144
7.426976
7.427808
7.428224
7.429056
7.429888
7.480416
7.481248
7.48208
7.482912
7.483744
7.484576
7.485408
7.48624
7.487072
7.487904
7.488736
7.489568
7.4904
7.491232
7.491648
7.49248
7.493312
7.543008
7.54384
7.544672
7.545504
7.546336
7.547168
7.548
7.548832
7.549664
7.550496
7.551328
7.55216
7.552992
7.553824
7.554656
7.555488
7.555904
7.556736
7.6056
7.606432
7.607264
7.608096
7.608928
7.60976
7.610592
7.611424
7.612256
7.613088
7.61392
7.614752
7.615584
7.616416
7.617248
7.61808
7.618912
7.619328
7.62016
7.668192
7.669024
7.669856
7.670688
7.67152
7.672352
7.673184
7.674016
7.674848
7.67568
7.676512
7.677344
7.678176
7.679008
7.67984
7.680672
7.681504
7.682336
7.683168
7.683584
7.730784
7.731616
7.732448
7.73328
7.734112
7.734944
7.735776
7.736608
7.73744
7.738272
7.739104
7.739936
7.740768
7.7416
7.742432
7.743264
7.744096
7.744928
7.74576
7.746592
7.747008
7.793376
7.794208
7.79504
7.795872
7.796704
7.797536
7.798368
7.7992
7.800032
7.800864
7.801696
7.802528
7.80336
7.804192
7.805024
7.805856
7.806688
7.80752
7.808352
7.809184
7.810016
7.855968
7.856384
7.857216
7.858048
7.85888
7.859712
7.860544
7.861376
7.862208
7.86304
7.863872
7.864704
7.865536
7.866368
7.8672
7.868032
7.868864
7.869696
7.870528
7.87136
7.872192
7.873024
7.91856
7.919392
7.919808
7.92064
7.921472
7.922304
7.923136
7.923968
7.9248
7.925632
7.926464
7.927296
7.928128
7.92896
7.929792
7.930624
7.931456
7.932288
7.93312
7.933952
7.934784
7.935616
7.936448
7.981152
7.981984
7.982816
7.983648
7.984064
7.984896
7.985728
7.98656
7.987392
7.988224
7.989056
7.989888
7.99072
7.991552
7.992384
7.993216
7.994048
7.99488
7.995712
7.996544
7.997376
7.998208
7.99904
7.999872
8.043744
8.044576
8.045408
8.04624
8.047072
8.047488
8.04832
8.049152
8.049984
8.050816
8.051648
8.05248
8.053312
8.054144
8.054976
8.055808
8.05664
8.057472
8.058304
8.059136
8.059968
8.0608
8.061632
8.062464
8.063296
8.106336
8.107168
8.108
8.108832
8.109664
8.110496
8.111328
8.111744
8.112576
8.113408
8.11424
8.115072
8.115904
8.116736
8.117568
8.1184
8.119232
8.120064
8.120896
8.121728
8.12256
8.123392
8.124224
8.125056
8.125888
8.12672
8.168928
8.16976
8.170592
8.171424
8.172256
8.173088
8.17392
8.174752
8.175168
8.176
8.176832
8.177664
8.178496
8.179328
8.18016
8.180992
8.181824
8.182656
8.183488
8.18432
8.185152
8.185984
8.186816
8.187648
8.18848
8.189312
8.190144
8.23152
8.232352
8.233184
8.234016
8.234848
8.23568
8.236512
8.237344
8.238176
8.239008
8.239424
8.240256
8.241088
8.24192
8.242752
8.243584
8.244416
8.245248
8.24608
8.246912
8.247744
8.248576
8.249408
8.25024
8.251072
8.251904
8.252736
8.253568
8.294112
8.294944
8.295776
8.296608
8.29744
8.298272
8.299104
8.299936
8.300768
8.3016
8.302432
8.302848
8.30368
8.304512
8.305344
8.306176
8.307008
8.30784
8.308672
8.309504
8.310336
8.311168
8.312
8.312832
8.313664
8.314496
8.315328
8.31616
8.316992
8.356704
8.357536
8.358368
8.3592
8.360032
8.360864
8.361696
8.362528
8.36336
8.364192
8.365024
8.365856
8.366272
8.367104
8.367936
8.368768
8.3696
8.370432
8.371264
8.372096
8.372928
8.37376
8.374592
8.375424
8.376256
8.377088
8.37792
8.378752
8.379584
8.380416
8.419296
8.420128
8.42096
8.421792
8.422624
8.423456
8.424288
8.42512
8.425952
8.426784
8.427616
8.428448
8.42928
8.430112
8.430528
8.43136
8.432192
8.433024
8.433856
8.434688
8.43552
8.436352
8.437184
8.438016
8.438848
8.43968
8.440512
8.441344
8.442176
8.443008
8.44384
8.481888
8.48272
8.483552
8.484384
8.485216
8.486048
8.48688
8.487712
8.488544
8.489376
8.490208
8.49104
8.491872
8.492704
8.493536
8.493952
8.494784
8.495616
8.496448
8.49728
8.498112
8.498944
8.499776
8.500608
8.50144
8.502272
8.503104
8.503936
8.504768
8.5056
8.506432
8.507264
8.54448
8.545312
8.546144
8.546976
8.547808
8.54864
8.549472
8.550304
8.551136
8.551968
8.5528
8.553632
8.554464
8.555296
8.556128
8.55696
8.557792
8.558208
8.55904
8.559872
8.560704
8.561536
8.562368
8.5632
8.564032
8.564864
8.565696
8.566528
8.56736
8.568192
8.569024
8.569856
8.570688
8.607072
8.607904
8.608736
8.609568
8.6104
8.611232
8.612064
8.612896
8.613728
8.61456
8.615392
8.616224
8.617056
8.617888
8.61872
8.619552
8.620384
8.621216
8.621632
8.622464
8.623296
8.624128
8.62496
8.625792
8.626624
8.627456
8.628288
8.62912
8.629952
8.630784
8.631616
8.632448
8.63328
8.634112
8.669664
8.670496
8.671328
8.67216
8.672992
8.673824
8.674656
8.675488
8.67632
8.677152
8.677984
8.678816
8.679648
8.68048
8.681312
8.682144
8.682976
8.683808
8.68464
8.685472
8.685888
8.68672
8.687552
8.688384
8.689216
8.690048
8.69088
8.691712
8.692544
8.693376
8.694208
8.69504
8.695872
8.696704
8.697536
8.732256
8.733088
8.73392
8.734752
8.735584
8.736416
8.737248
8.73808
8.738912
8.739744
8.740576
8.741408
8.74224
8.743072
8.743904
8.744736
8.745568
8.7464
8.747232
8.748064
8.748896
8.749312
8.750144
8.750976
8.751808
8.75264
8.753472
8.754304
8.755136
8.755968
8.7568
8.757632
8.758464
8.759296
8.760128
8.76096
8.794848
8.79568
8.796512
8.797344
8.798176
8.799008
8.79984
8.800672
8.801504
8.802336
8.803168
8.804
8.804832
8.805664
8.806496
8.807328
8.80816
8.808992
8.809824
8.810656
8.811488
8.81232
8.813152
8.813568
8.8144
8.815232
8.816064
8.816896
8.817728
8.81856
8.819392
8.820224
8.821056
8.821888
8.82272
8.823552
8.824384
8.85744
8.858272
8.859104
8.859936
8.860768
8.8616
8.862432
8.863264
8.864096
8.864928
8.86576
8.866592
8.867424
8.868256
8.869088
8.86992
8.870752
8.871584
8.872416
8.873248
8.87408
8.874912
8.875744
8.876576
8.876992
8.877824
8.878656
8.879488
8.88032
8.881152
8.881984
8.882816
8.883648
8.88448
8.885312
8.886144
8.886976
8.887808
8.920032
8.920864
8.921696
8.922528
8.92336
8.924192
8.925024
8.925856
8.926688
8.92752
8.928352
8.929184
8.930016
8.930848
8.93168
8.932512
8.933344
8.934176
8.935008
8.93584
8.936672
8.937504
8.938336
8.939168
8.94
8.940832
8.941248
8.94208
8.942912
8.943744
8.944576
8.945408
8.94624
8.947072
8.947904
8.948736
8.949568
8.9504
8.951232
8.982624
8.983456
8.984288
8.98512
8.985952
8.986784
8.987616
8.988448
8.98928
8.990112
8.990944
8.991776
8.992608
8.99344
8.994272
8.995104
8.995936
8.996768
8.9976
8.998432
8.999264
9.000096
9.000928
9.00176
9.002592
9.003424
9.004256
9.004672
9.005504
9.006336
9.007168
9.008
9.008832
9.009664
9.010496
9.011328
9.01216
9.012992
9.013824
9.014656
