0.030096
0.091488
0.091904
0.15408
0.154496
0.155328
0.155744
0.216672
0.217088
0.21792
0.218336
0.219168
0.219584
0.220416
0.220832
0.279264
0.27968
0.280512
0.280928
0.28176
0.282176
0.283008
0.283424
0.284256
0.284672
0.285504
0.28592
0.286752
0.287168
0.288
0.288416
0.341856
0.342272
0.343104
0.34352
0.344352
0.344768
0.3456
0.346016
0.346848
0.347264
0.348096
0.348512
0.349344
0.34976
0.350592
0.351008
0.35184
0.352256
0.353088
0.353504
0.354336
0.354752
0.355584
0.356
0.356832
0.357248
0.35808
0.358496
0.410272
0.441984
0.572864
0.604992
0.636704
0.637952
0.668832
0.67008
0.671328
0.701376
0.702624
0.703872
0.70512
0.73392
0.735168
0.736416
0.737664
0.738912
0.821568
1.113504
1.114336
1.114752
1.115168
1.115584
1.116
1.116416
1.116832
1.117248
1.117664
1.11808
1.118496
1.151456
1.182752
1.377888
1.566368
1.566784
1.62896
1.629376
1.630208
1.630624
1.691552
1.692384
1.693216
1.694048
1.754144
1.75456
1.755392
1.756224
1.757056
1.816736
1.817568
1.817984
1.818816
1.819648
1.82048
1.879328
1.88016
1.880992
1.881824
1.88224
1.883072
1.883904
1.94192
1.942752
1.943584
1.944416
1.945248
1.945664
1.946496
1.947328
2.004512
2.005344
2.006176
2.007008
2.00784
2.008672
2.009504
2.00992
2.010752
2.067184
2.068016
2.069248
2.07008
2.071312
2.072544
2.073376
2.074608
2.075024
2.076256
2.129856
2.131088
2.13272
2.133552
2.135184
2.136816
2.138048
2.13968
2.140512
2.141328
2.14256
2.192448
2.19408
2.195712
2.196944
2.198576
2.200208
2.20184
2.203472
2.204304
2.205936
2.207168
2.207584
2.25504
2.256672
2.258304
2.259936
2.261568
2.2632
2.264832
2.266864
2.267696
2.269328
2.27096
2.272192
2.272608
2.317632
2.319664
2.321296
2.322928
2.32456
2.326192
2.327824
2.329856
2.331088
2.33272
2.334352
2.335984
2.336816
2.380544
2.38096
2.382992
2.384624
2.386256
2.387888
2.38952
2.391152
2.392784
2.394416
2.396048
2.39768
2.399312
2.400544
2.443456
2.444688
2.445104
2.446736
2.448368
2.45
2.451632
2.453264
2.454896
2.456528
2.45816
2.459792
2.461424
2.463056
2.464688
2.506048
2.50768
2.508912
2.510544
2.51096
2.512592
2.514224
2.515856
2.517488
2.51912
2.520752
2.522384
2.524016
2.525648
2.52728
2.528912
2.56864
2.570272
2.571904
2.573536
2.574768
2.575184
2.576816
2.578448
2.58008
2.581712
2.583344
2.584976
2.586608
2.58824
2.589872
2.591504
2.593136
2.631232
2.633264
2.634896
2.636528
2.63816
2.638992
2.640624
2.64144
2.642672
2.644304
2.645936
2.647568
2.6492
2.650832
2.652464
2.654096
2.655728
2.65736
2.694144
2.696256
2.697888
2.69952
2.701152
2.702384
2.704016
2.705648
2.706064
2.707296
2.708528
2.71016
2.711792
2.713424
2.715056
2.716688
2.71832
2.719952
2.721584
2.757056
2.758848
2.76048
2.762112
2.763744
2.765376
2.767008
2.76864
2.769872
2.771504
2.77192
2.773152
2.774384
2.776016
2.777648
2.77968
2.781312
2.782944
2.784576
2.786208
2.819648
2.82144
2.823072
2.824704
2.826336
2.827968
2.8296
2.831232
2.833264
2.834896
2.835728
2.836544
2.837776
2.839008
2.84064
2.842272
2.844304
2.845936
2.847568
2.8492
2.850832
2.88224
2.884032
2.886064
2.887696
2.889328
2.89096
2.892592
2.894224
2.896256
2.897888
2.89912
2.900752
2.901584
2.9024
2.903632
2.905264
2.906896
2.908528
2.91016
2.911792
2.913424
2.915056
2.944832
2.946944
2.949056
2.950688
2.95232
2.953952
2.955584
2.957216
2.958848
2.96048
2.962112
2.963744
2.964976
2.966608
2.967024
2.968256
2.969488
2.97112
2.972752
2.974384
2.976016
2.977648
2.97968
3.007744
3.009856
3.011648
3.01328
3.014912
3.016544
3.018176
3.019808
3.02144
3.023072
3.024704
3.026336
3.027968
3.0296
3.030832
3.032464
3.03328
3.034112
3.035744
3.037376
3.039008
3.04064
3.042272
3.044304
3.070656
3.072448
3.07424
3.075872
3.077504
3.079136
3.080768
3.0824
3.084032
3.086064
3.087696
3.089328
3.09096
3.092592
3.094224
3.095856
3.097488
3.097904
3.099136
3.100368
3.102
3.103632
3.105264
3.106896
3.108528
3.133248
3.13504
3.136832
3.138864
3.140496
3.142128
3.14376
3.145392
3.147024
3.149056
3.150688
3.15232
3.153952
3.155584
3.157216
3.158848
3.16048
3.161712
3.163344
3.16376
3.164992
3.166224
3.167856
3.169488
3.17112
3.172752
3.19584
3.197632
3.199744
3.201856
3.203488
3.20512
3.206752
3.208384
3.210016
3.211648
3.21328
3.214912
3.216544
3.218176
3.219808
3.22144
3.223072
3.224704
3.226336
3.227568
3.227984
3.229616
3.230848
3.23248
3.234112
3.235744
3.237376
3.258432
3.260544
3.262656
3.264448
3.26608
3.267712
3.269344
3.270976
3.272608
3.27424
3.275872
3.277504
3.279136
3.280768
3.2824
3.284032
3.286064
3.287696
3.289328
3.29096
3.291792
3.293424
3.29424
3.295472
3.297104
3.298736
3.300368
3.302
3.321344
3.323456
3.325248
3.32704
3.328672
3.330304
3.331936
3.333568
3.3352
3.336832
3.338864
3.340496
3.342128
3.34376
3.345392
3.347024
3.349056
3.350688
3.35232
3.353952
3.355184
3.356816
3.358448
3.358864
3.360096
3.361328
3.36296
3.364592
3.366224
3.384256
3.386048
3.38784
3.389632
3.391664
3.393296
3.394928
3.39656
3.398192
3.399824
3.401856
3.403488
3.40512
3.406752
3.408384
3.410016
3.411648
3.41328
3.414912
3.416544
3.418176
3.419808
3.42144
3.422672
3.423088
3.42472
3.425552
3.427184
3.428816
3.430448
3.446848
3.44864
3.450432
3.452544
3.454656
3.456288
3.45792
3.459552
3.461184
3.462816
3.464448
3.46608
3.467712
3.469344
3.470976
3.472608
3.47424
3.475872
3.477504
3.479136
3.480768
3.4824
3.484032
3.486064
3.486896
3.488528
3.489344
3.490176
3.491808
3.49344
3.495072
3.50944
3.511232
3.513344
3.515456
3.517248
3.51888
3.520512
3.522144
3.523776
3.525408
3.52704
3.528672
3.530304
3.531936
3.533568
3.5352
3.536832
3.538864
3.540496
3.542128
3.54376
3.545392
3.547024
3.549056
3.550288
3.55192
3.553552
3.553968
3.5552
3.556432
3.558064
3.559696
3.572032
3.574144
3.576256
3.578048
3.57984
3.581472
3.583104
3.584736
3.586368
3.588
3.589632
3.591664
3.593296
3.594928
3.59656
3.598192
3.599824
3.601856
3.603488
3.60512
3.606752
3.608384
3.610016
3.611648
3.61328
3.614912
3.616544
3.617776
3.619408
3.619824
3.621056
3.622288
3.62392
3.634944
3.637056
3.638848
3.64064
3.642432
3.644464
3.646096
3.647728
3.64936
3.650992
3.652624
3.654656
3.656288
3.65792
3.659552
3.661184
3.662816
3.664448
3.66608
3.667712
3.669344
3.670976
3.672608
3.67424
3.675872
3.677504
3.679136
3.680768
3.6824
3.683632
3.684448
3.68568
3.686912
3.688544
3.697856
3.699648
3.70144
3.703232
3.705344
3.707456
3.709088
3.71072
3.712352
3.713984
3.715616
3.717248
3.71888
3.720512
3.722144
3.723776
3.725408
3.72704
3.728672
3.730304
3.731936
3.733568
3.7352
3.736832
3.738864
3.740496
3.742128
3.74376
3.745392
3.747024
3.748656
3.749488
3.750304
3.751536
3.753168
3.760448
3.76224
3.764032
3.766144
3.768256
3.770048
3.77168
3.773312
3.774944
3.776576
3.778208
3.77984
3.781472
3.783104
3.784736
3.786368
3.788
3.789632
3.791664
3.793296
3.794928
3.79656
3.798192
3.799824
3.801856
3.803488
3.80512
3.806752
3.808384
3.810016
3.811648
3.81288
3.814512
3.814928
3.81616
3.817392
3.82304
3.824832
3.826944
3.829056
3.830848
3.83264
3.834272
3.835904
3.837536
3.839168
3.8408
3.842432
3.844464
3.846096
3.847728
3.84936
3.850992
3.852624
3.854656
3.856288
3.85792
3.859552
3.861184
3.862816
3.864448
3.86608
3.867712
3.869344
3.870976
3.872608
3.87424
3.875872
3.877504
3.878736
3.880368
3.880784
3.882016
3.885648
3.88776
3.889856
3.891648
3.89344
3.895232
3.897264
3.898896
3.900528
3.90216
3.903792
3.905424
3.907456
3.909088
3.91072
3.912352
3.913984
3.915616
3.917248
3.91888
3.920512
3.922144
3.923776
3.925408
3.92704
3.928672
3.930304
3.931936
3.933568
3.9352
3.936832
3.938864
3.940496
3.942128
3.94376
3.944592
3.945408
3.94664
3.949072
3.951104
3.9528
3.954512
3.956224
3.958336
3.960368
3.962
3.963632
3.965264
3.966896
3.968528
3.97016
3.971792
3.973424
3.975056
3.976688
3.97832
3.979952
3.981584
3.983216
3.984848
3.98648
3.988112
3.989744
3.991776
3.993408
3.99504
3.996672
3.998304
3.999936
4.001968
4.0036
4.005232
4.006864
4.008096
4.009728
4.01056
4.011376
4.013408
4.01504
4.016672
4.018304
4.019936
4.021968
4.0236
4.025232
4.026864
4.028496
4.030128
4.03176
4.033792
4.035424
4.037056
4.038688
4.04032
4.041952
4.043584
4.045216
4.046848
4.04848
4.050112
4.051744
4.053376
4.055408
4.05704
4.058672
4.060304
4.061936
4.063568
4.0652
4.066832
4.068464
4.070096
4.071728
4.07336
4.074592
4.076224
4.07704
4.078272
4.079904
4.081536
4.083168
4.0848
4.086432
4.088064
4.089696
4.091328
4.09296
4.094592
4.096224
4.098656
4.100288
4.10192
4.103552
4.105184
4.106816
4.108448
4.11008
4.111712
4.113344
4.114976
4.116608
4.11824
4.119872
4.121504
4.123136
4.124768
4.1264
4.128032
4.129664
4.131296
4.132928
4.13456
4.136192
4.137824
4.139456
4.141088
4.14272
4.143952
4.144368
4.146
4.147632
4.149264
4.150896
4.152528
4.15416
4.155792
4.157424
4.159056
4.160688
4.16232
4.164752
4.166384
4.168016
4.169648
4.17128
4.172912
4.174544
4.176176
4.177808
4.17944
4.181072
4.182704
4.184336
4.185968
4.1876
4.189232
4.190864
4.192496
4.194128
4.19576
4.197392
4.199024
4.200656
4.202288
4.20392
4.205552
4.207184
4.208816
4.210448
4.21168
4.212096
4.213728
4.21536
4.216992
4.218624
4.220256
4.221888
4.22352
4.225152
4.226784
4.228416
4.230048
4.23208
4.233712
4.235344
4.236976
4.238608
4.24064
4.242272
4.243904
4.245536
4.247168
4.2488
4.250432
4.252064
4.253696
4.255328
4.25696
4.258592
4.260224
4.261856
4.263488
4.26512
4.266752
4.268384
4.270016
4.271648
4.27328
4.274912
4.276544
4.278176
4.279808
4.28104
4.282672
4.283088
4.28472
4.286352
4.287984
4.289616
4.291248
4.29288
4.294512
4.296144
4.297776
4.299408
4.30104
4.302672
4.304304
4.305936
4.307568
4.3096
4.311232
4.312864
4.314496
4.316128
4.31776
4.319392
4.321024
4.323056
4.324688
4.32632
4.327952
4.329584
4.331216
4.332848
4.33448
4.336112
4.337744
4.339376
4.341008
4.34264
4.344272
4.345904
4.347536
4.349168
4.3508
4.352432
4.353264
4.35408
4.355312
4.356944
4.358576
4.360208
4.36184
4.363872
4.365504
4.367136
4.368768
4.3704
4.372032
4.373664
4.375296
4.376928
4.37856
4.380192
4.381824
4.383456
4.385088
4.38672
4.388352
4.389984
4.391616
4.393648
4.39528
4.396912
4.398544
4.400176
4.401808
4.40344
4.405472
4.407104
4.408736
4.410368
4.412
4.413632
4.415264
4.416896
4.418528
4.42016
4.421792
4.423424
4.424256
4.425888
4.42712
4.427536
4.429168
4.4308
4.432432
4.434064
4.436096
4.437728
4.43936
4.440992
4.442624
4.444256
4.446288
4.44792
4.449552
4.451184
4.452816
4.454448
4.45608
4.457712
4.459344
4.460976
4.462608
4.46424
4.465872
4.467504
4.469136
4.470768
4.4724
4.474032
4.475664
4.477696
4.479328
4.48096
4.482592
4.484224
4.485856
4.487888
4.48952
4.491152
4.492784
4.494416
4.496048
4.49688
4.498512
4.53888
4.570592
4.746848
4.910656
4.911472
4.973248
4.974064
4.975296
4.976112
5.03584
5.036656
5.037888
5.038704
5.039536
5.040352
5.041584
5.0424
5.098432
5.099248
5.10088
5.101296
5.102528
5.102944
5.104576
5.105408
5.10704
5.107872
5.109504
5.161344
5.162976
5.164608
5.16544
5.167072
5.168304
5.169936
5.170352
5.171584
5.172816
5.174048
5.17568
5.224256
5.225888
5.22752
5.228752
5.230384
5.232016
5.233648
5.23448
5.235296
5.236528
5.23776
5.239392
5.241024
5.286848
5.28848
5.290112
5.291744
5.293376
5.295008
5.29664
5.297872
5.299504
5.300336
5.301152
5.302384
5.304016
5.305648
5.34944
5.351072
5.352704
5.354336
5.355968
5.3576
5.359232
5.361264
5.362896
5.363728
5.36536
5.366176
5.367008
5.36864
5.370272
5.412032
5.414064
5.415696
5.417328
5.41896
5.420592
5.422224
5.424256
5.425888
5.42712
5.428752
5.430384
5.431216
5.432032
5.433264
5.434896
5.474944
5.477056
5.478688
5.48032
5.481952
5.483584
5.485216
5.486848
5.48848
5.490112
5.491744
5.493376
5.494608
5.49624
5.496656
5.497888
5.49912
5.537856
5.539648
5.54128
5.542912
5.544544
5.546176
5.547808
5.54944
5.551072
5.552704
5.554336
5.555968
5.5576
5.559232
5.560464
5.562096
5.562912
5.563744
5.600448
5.60224
5.603872
5.605504
5.607136
5.608768
5.6104
5.612032
5.614064
5.615696
5.617328
5.61896
5.620592
5.622224
5.623856
5.625488
5.62712
5.627536
5.628768
5.66304
5.664832
5.666864
5.668496
5.670128
5.67176
5.673392
5.675024
5.677056
5.678688
5.68032
5.681952
5.683584
5.685216
5.686848
5.68848
5.690112
5.691344
5.692976
5.693392
5.725632
5.727744
5.729856
5.731488
5.73312
5.734752
5.736384
5.738016
5.739648
5.74128
5.742912
5.744544
5.746176
5.747808
5.74944
5.751072
5.752704
5.754336
5.755968
5.7572
5.757616
5.788544
5.790656
5.792448
5.79408
5.795712
5.797344
5.798976
5.800608
5.80224
5.803872
5.805504
5.807136
5.808768
5.8104
5.812032
5.814064
5.815696
5.817328
5.81896
5.820592
5.821424
5.851456
5.852272
5.853584
5.855296
5.856928
5.85856
5.860192
5.861824
5.863456
5.865088
5.86712
5.868752
5.870384
5.872016
5.873648
5.87528
5.877312
5.878944
5.880576
5.882208
5.88384
5.885072
5.914048
5.91568
5.916496
5.917328
5.91896
5.920592
5.922224
5.923856
5.925488
5.92712
5.928752
5.930784
5.932416
5.934048
5.93608
5.937712
5.939344
5.940976
5.942608
5.94424
5.945872
5.947504
5.949136
5.97664
5.978272
5.979904
5.981136
5.981552
5.983184
5.984816
5.986448
5.98808
5.989712
5.991344
5.992976
5.994608
5.99624
5.997872
6.000304
6.001936
6.003568
6.0052
6.006832
6.008464
6.010096
6.011728
6.01336
6.039232
6.041264
6.042896
6.044528
6.04536
6.046176
6.047408
6.04904
6.050672
6.052304
6.053936
6.055568
6.0572
6.058832
6.060464
6.062096
6.064528
6.06616
6.067792
6.069424
6.071056
6.072688
6.07432
6.075952
6.077584
6.102144
6.104256
6.105888
6.10752
6.108752
6.110384
6.111216
6.112032
6.113264
6.114896
6.116528
6.11816
6.119792
6.121424
6.123056
6.124688
6.12632
6.128752
6.130384
6.132016
6.133648
6.13528
6.136912
6.138544
6.140176
6.141808
6.165056
6.166848
6.16848
6.170112
6.171744
6.173376
6.174608
6.17624
6.176656
6.177888
6.17912
6.180752
6.182384
6.184016
6.185648
6.18768
6.189312
6.190944
6.192976
6.194608
6.19624
6.197872
6.199504
6.201136
6.202768
6.2044
6.206032
6.227648
6.22944
6.231072
6.232704
6.234336
6.235968
6.2376
6.239232
6.240464
6.242096
6.242912
6.243744
6.245376
6.247008
6.24864
6.250272
6.252304
6.253936
6.255568
6.2572
6.258832
6.260464
6.262096
6.263728
6.26536
6.266992
6.268624
6.270256
6.29024
6.292032
6.294064
6.295696
6.297328
6.29896
6.300592
6.302224
6.303856
6.305488
6.30712
6.307536
6.308768
6.31
6.311632
6.313264
6.314896
6.316528
6.31816
6.319792
6.321424
6.323056
6.324688
6.32632
6.327952
6.329584
6.331216
6.332848
6.33488
6.352832
6.354944
6.357056
6.358688
6.36032
6.361952
6.363584
6.365216
6.366848
6.36848
6.370112
6.371344
6.37176
6.373392
6.374224
6.375856
6.377488
6.37912
6.380752
6.382384
6.384016
6.385648
6.38768
6.389312
6.390944
6.392576
6.394208
6.39584
6.397472
6.399504
6.415744
6.417856
6.419648
6.42128
6.422912
6.424544
6.426176
6.427808
6.42944
6.431072
6.432704
6.434336
6.435568
6.4372
6.437616
6.438848
6.44048
6.442112
6.443744
6.445376
6.447008
6.44864
6.450272
6.452304
6.453936
6.455568
6.4572
6.458832
6.460464
6.462096
6.463728
6.478656
6.480448
6.48224
6.483872
6.485504
6.487136
6.488768
6.4904
6.492032
6.494064
6.495696
6.497328
6.49896
6.500592
6.501424
6.50224
6.503472
6.505104
6.506736
6.508368
6.51
6.511632
6.513264
6.514896
6.516528
6.51816
6.519792
6.521424
6.523056
6.524688
6.52632
6.527952
6.541248
6.54304
6.544832
6.546864
6.548496
6.550128
6.55176
6.553392
6.555024
6.557056
6.558688
6.56032
6.561952
6.563584
6.564816
6.566448
6.56728
6.568096
6.569328
6.57096
6.572592
6.574224
6.575856
6.577488
6.57912
6.580752
6.582384
6.584016
6.585648
6.58768
6.589312
6.590944
6.592576
6.60384
6.605632
6.607744
6.609856
6.611488
6.61312
6.614752
6.616384
6.618016
6.619648
6.62128
6.622912
6.624544
6.626176
6.627808
6.62944
6.630672
6.632304
6.63272
6.633952
6.635184
6.636816
6.638448
6.64048
6.642112
6.643744
6.645376
6.647008
6.64864
6.650272
6.652304
6.653936
6.655568
6.6572
6.666432
6.668544
6.670656
6.672448
6.67408
6.675712
6.677344
6.678976
6.680608
6.68224
6.683872
6.685504
6.687136
6.688768
6.6904
6.692032
6.694064
6.695696
6.696528
6.69816
6.698976
6.699808
6.70144
6.703072
6.705104
6.706736
6.708368
6.71
6.711632
6.713264
6.714896
6.716528
6.71816
6.719792
6.721424
6.729344
6.731456
6.733248
6.73504
6.736672
6.738304
6.739936
6.741568
6.7432
6.744832
6.746864
6.748496
6.750128
6.75176
6.753392
6.755024
6.757056
6.758688
6.75992
6.761552
6.763184
6.7636
6.764832
6.766064
6.767696
6.769328
6.77096
6.772592
6.774224
6.775856
6.777488
6.77912
6.780752
6.782384
6.784016
6.785648
6.792256
6.794048
6.79584
6.797632
6.799664
6.801296
6.802928
6.80456
6.806192
6.807824
6.809856
6.811488
6.81312
6.814752
6.816384
6.818016
6.819648
6.82128
6.822912
6.824544
6.826176
6.827408
6.82904
6.829456
6.830688
6.83192
6.833552
6.835184
6.836816
6.838448
6.84048
6.842112
6.843744
6.845376
6.847008
6.84864
6.850272
6.854848
6.85664
6.858432
6.860544
6.862656
6.864288
6.86592
6.867552
6.869184
6.870816
6.872448
6.87408
6.875712
6.877344
6.878976
6.880608
6.88224
6.883872
6.885504
6.887136
6.888768
6.8904
6.892032
6.893264
6.89408
6.895312
6.896544
6.898176
6.899808
6.90144
6.903072
6.905104
6.906736
6.908368
6.91
6.911632
6.913264
6.914896
6.917792
6.919504
6.921616
6.923648
6.92536
6.926992
6.928624
6.930256
6.931888
6.93352
6.935152
6.936784
6.938416
6.940048
6.94168
6.943312
6.944944
6.946976
6.948608
6.95024
6.951872
6.953504
6.955136
6.956768
6.9584
6.959232
6.960048
6.96128
6.962912
6.964544
6.966176
6.967808
6.96944
6.971072
6.972704
6.974336
6.975968
6.9776
6.979232
6.981664
6.983296
6.985328
6.98696
6.988992
6.990624
6.992256
6.993888
6.99552
6.997152
6.998784
7.000416
7.002048
7.00368
7.005312
7.006944
7.008576
7.010608
7.01224
7.013872
7.015504
7.017136
7.018768
7.0204
7.022032
7.023264
7.024896
7.025312
7.026544
7.028176
7.029808
7.03144
7.033072
7.034304
7.035536
7.036768
7.038
7.039488
7.04112
7.042752
7.045184
7.046816
7.048448
7.05008
7.052512
7.054144
7.055776
7.057408
7.05904
7.060672
7.062304
7.063936
7.065568
7.0672
7.068832
7.070464
7.072096
7.073728
7.07536
7.076992
7.078624
7.080256
7.081888
7.08352
7.085152
7.086784
7.088416
7.089248
7.09088
7.091296
7.092528
7.094144
7.095776
7.097408
7.09824
7.099072
7.099904
7.100736
7.10208
7.103712
7.105344
7.107776
7.109408
7.11104
7.112672
7.115104
7.116736
7.118368
7.12
7.121632
7.123264
7.124896
7.126528
7.12816
7.129792
7.131424
7.133056
7.134688
7.13632
7.137952
7.139584
7.141216
7.142848
7.14448
7.146112
7.147744
7.149376
7.151008
7.15184
7.153472
7.154304
7.15472
7.155552
7.156768
7.158368
7.16
7.160832
7.161664
7.162496
7.163328
7.164672
7.166304
7.167936
7.170368
7.172
7.173632
7.175264
7.177696
7.179328
7.18096
7.182592
7.184224
7.185856
7.187488
7.18912
7.190752
7.192384
7.194016
7.195648
7.19728
7.198912
7.200544
7.202176
7.203808
7.20544
7.207072
7.208704
7.210336
7.211968
7.2136
7.214432
7.216064
7.216896
7.217728
7.21856
7.218976
7.219808
7.221008
7.222592
7.223424
7.224256
7.225088
7.22592
7.227264
7.228896
7.230528
7.23296
7.234592
7.236224
7.237856
7.240288
7.24192
7.243552
7.245184
7.246816
7.248448
7.25008
7.251712
7.253344
7.254976
7.256608
7.25824
7.259872
7.261504
7.263136
7.264768
7.2664
7.268032
7.269664
7.271296
7.272928
7.27456
7.276192
7.277024
7.278656
7.279488
7.28032
7.281152
7.281984
7.2824
7.283232
7.284064
7.285248
7.28608
7.286912
7.287744
7.288576
7.289856
7.291488
7.29312
7.295552
7.297184
7.298816
7.300448
7.30288
7.304512
7.306144
7.307776
7.309408
7.31104
7.312672
7.314304
7.315936
7.317568
7.3192
7.320832
7.322464
7.324096
7.325728
7.32736
7.328992
7.330624
7.332256
7.333888
7.33552
7.337152
7.338784
7.339616
7.341248
7.34208
7.342912
7.343744
7.344576
7.345408
7.34624
7.346656
7.347488
7.34832
7.349152
7.349984
7.350816
7.351648
7.352672
7.35408
7.355712
7.358144
7.359776
7.361408
7.36304
7.365472
7.367104
7.368736
7.370368
7.372
7.373632
7.375264
7.376896
7.378528
7.38016
7.381792
7.383424
7.385056
7.386688
7.38832
7.389952
7.391584
7.393216
7.394848
7.39648
7.398112
7.399744
7.401376
7.402208
7.40384
7.404672
7.405504
7.406336
7.407168
7.408
7.408832
7.409664
7.41008
7.410912
7.411744
7.412576
7.413408
7.41424
7.415072
7.415904
7.416912
7.418304
7.420736
7.422368
7.424
7.425632
7.428064
7.429696
7.431328
7.43296
7.434592
7.436224
7.437856
7.439488
7.44112
7.442752
7.444384
7.446016
7.447648
7.44928
7.450912
7.452544
7.454176
7.455808
7.45744
7.459072
7.460704
7.462336
7.463968
7.4648
7.466432
7.467264
7.468096
7.468928
7.46976
7.470592
7.471424
7.472256
7.473088
7.47392
7.474336
7.475168
7.476
7.476832
7.477664
7.478496
7.479328
7.48016
7.481152
7.483328
7.48496
7.486592
7.488224
7.490656
7.492288
7.49392
7.495552
7.497184
7.498816
7.500448
7.50208
7.503712
7.505344
7.506976
7.508608
7.51024
7.511872
7.513504
7.515136
7.516768
7.5184
7.520032
7.521664
7.523296
7.524928
7.52656
7.527392
7.529024
7.529856
7.530688
7.53152
7.532352
7.533184
7.534016
7.534848
7.53568
7.536512
7.537344
7.53776
7.538592
7.539424
7.540256
7.541088
7.54192
7.542752
7.543584
7.544416
7.54592
7.547552
7.549184
7.550816
7.553248
7.55488
7.556512
7.558144
7.559776
7.561408
7.56304
7.564672
7.566304
7.567936
7.569568
7.5712
7.572832
7.574464
7.576096
7.577728
7.57936
7.580992
7.582624
7.584256
7.585888
7.58752
7.589152
7.589984
7.591616
7.592448
7.59328
7.594112
7.594944
7.595776
7.596608
7.59744
7.598272
7.599104
7.599936
7.600768
7.6016
7.602016
7.602848
7.60368
7.604512
7.605344
7.606176
7.607008
7.60784
7.6088
7.610144
7.611776
7.613408
7.61584
7.617472
7.619104
7.620736
7.622368
7.624
7.625632
7.627264
7.628896
7.630528
7.63216
7.633792
7.635424
7.637056
7.638688
7.64032
7.641952
7.643584
7.645216
7.646848
7.64848
7.650112
7.651744
7.652576
7.654208
7.65504
7.655872
7.656704
7.657536
7.658368
7.6592
7.660032
7.660864
7.661696
7.662528
7.66336
7.664192
7.665024
7.66544
7.666272
7.667104
7.667936
7.668768
7.6696
7.670432
7.671264
7.672096
7.67304
7.674368
7.676
7.678432
7.680064
7.681696
7.683328
7.68496
7.686592
7.688224
7.689856
7.691488
7.69312
7.694752
7.696384
7.698016
7.699648
7.70128
7.702912
7.704544
7.706176
7.707808
7.70944
7.711072
7.712704
7.714336
7.715168
7.7168
7.717632
7.718464
7.719296
7.720128
7.72096
7.721792
7.722624
7.723456
7.724288
7.72512
7.725952
7.726784
7.727616
7.728448
7.72928
7.729696
7.730528
7.73136
7.732192
7.733024
7.733856
7.734688
7.73552
7.736352
7.73728
7.738592
7.741024
7.742656
7.744288
7.74592
7.747552
7.749184
7.750816
7.752448
7.75408
7.755712
7.757344
7.758976
7.760608
7.76224
7.763872
7.765504
7.767136
7.768768
7.7704
7.772032
7.773664
7.775296
7.776928
7.77776
7.779392
7.780224
7.781056
7.781888
7.78272
7.783552
7.784384
7.785216
7.786048
7.78688
7.787712
7.788544
7.789376
7.790208
7.79104
7.791872
7.792704
7.79312
7.793952
7.794784
7.795616
7.796448
7.79728
7.798112
7.798944
7.799776
7.800608
7.80152
7.803616
7.805248
7.80688
7.808512
7.810144
7.811776
7.813408
7.81504
7.816672
7.818304
7.819936
7.821568
7.8232
7.824832
7.826464
7.828096
7.829728
7.83136
7.832992
7.834624
7.836256
7.837888
7.83952
7.840352
7.841984
7.842816
7.843648
7.84448
7.845312
7.846144
7.846976
7.847808
7.84864
7.849472
7.850304
7.851136
7.851968
7.8528
7.853632
7.854464
7.855296
7.856128
7.85696
7.857376
7.858208
7.85904
7.859872
7.860704
7.861536
7.862368
7.8632
7.864032
7.864864
7.866208
7.86784
7.869472
7.871104
7.872736
7.874368
7.876
7.877632
7.879264
7.880896
7.882528
7.88416
7.885792
7.887424
7.889056
7.890688
7.89232
7.893952
7.895584
7.897216
7.898848
7.90048
7.902112
7.902944
7.904576
7.905408
7.90624
7.907072
7.907904
7.908736
7.909568
7.9104
7.911232
7.912064
7.912896
7.913728
7.91456
7.915392
7.916224
7.917056
7.917888
7.91872
7.919552
7.920384
7.9208
7.921632
7.922464
7.923296
7.924128
7.92496
7.925792
7.926624
7.927456
7.928288
7.929168
7.930432
7.932064
7.933696
7.935328
7.93696
7.938592
7.940224
7.941856
7.943488
7.94512
7.946752
7.948384
7.950016
7.951648
7.95328
7.954912
7.956544
7.958176
7.959808
7.96144
7.963072
7.964704
7.965536
7.967168
7.968
7.968832
7.969664
7.970496
7.971328
7.97216
7.972992
7.973824
7.974656
7.975488
7.97632
7.977152
7.977984
7.978816
7.979648
7.98048
7.981312
7.982144
7.982976
7.983808
7.98464
7.985056
7.985888
7.98672
7.987552
7.988384
7.989216
7.990048
7.99088
7.991712
7.992544
7.993408
7.994656
7.996288
7.99792
7.999552
8.001184
8.002816
8.004448
8.00608
8.007712
8.009344
8.010976
8.012608
8.01424
8.015872
8.017504
8.019136
8.020768
8.0224
8.024032
8.025664
8.027296
8.028128
8.02976
8.030592
8.031424
8.032256
8.033088
8.03392
8.034752
8.035584
8.036416
8.037248
8.03808
8.038912
8.039744
8.040576
8.041408
8.04224
8.043072
8.043904
8.044736
8.045568
8.0464
8.047232
8.048064
8.04848
8.049312
8.050144
8.050976
8.051808
8.05264
8.053472
8.054304
8.055136
8.055968
8.0568
8.057648
8.05888
8.060512
8.062144
8.063776
8.065408
8.06704
8.068672
8.070304
8.071936
8.073568
8.0752
8.076832
8.078464
8.080096
8.081728
8.08336
8.084992
8.086624
8.088256
8.089888
8.09072
8.092352
8.093184
8.094016
8.094848
8.09568
8.096512
8.097344
8.098176
8.099008
8.09984
8.100672
8.101504
8.102336
8.103168
8.104
8.104832
8.105664
8.106496
8.107328
8.10816
8.108992
8.109824
8.110656
8.111488
8.11232
8.112736
8.113568
8.1144
8.115232
8.116064
8.116896
8.117728
8.11856
8.119392
8.120224
8.121056
8.121888
8.12312
8.124736
8.126368
8.128
8.129632
8.131264
8.132896
8.134528
8.13616
8.137792
8.139424
8.141056
8.142688
8.14432
8.145952
8.147584
8.149216
8.150848
8.15248
8.153312
8.154944
8.155776
8.156608
8.15744
8.158272
8.159104
8.159936
8.160768
8.1616
8.162432
8.163264
8.164096
8.164928
8.16576
8.166592
8.167424
8.168256
8.169088
8.16992
8.170752
8.171584
8.172416
8.173248
8.17408
8.174912
8.175744
8.17616
8.176992
8.177824
8.178656
8.179488
8.18032
8.181152
8.181984
8.182816
8.183648
8.18448
8.185312
8.186144
8.18736
8.18896
8.190592
8.192224
8.193856
8.195488
8.19712
8.198752
8.200384
8.202016
8.203648
8.20528
8.206912
8.208544
8.210176
8.211808
8.21344
8.215072
8.215904
8.217536
8.218368
8.2192
8.220032
8.220864
8.221696
8.222528
8.22336
8.224192
8.225024
8.225856
8.226688
8.22752
8.228352
8.229184
8.230016
8.230848
8.23168
8.232512
8.233344
8.234176
8.235008
8.23584
8.236672
8.237504
8.238336
8.239168
8.24
8.240416
8.241248
8.24208
8.242912
8.243744
8.244576
8.245408
8.24624
8.247072
8.247904
8.248736
8.249568
8.2504
8.2516
8.253184
8.254816
8.256448
8.25808
8.259712
8.261344
8.262976
8.264608
8.26624
8.267872
8.269504
8.271136
8.272768
8.2744
8.276032
8.277664
8.278496
8.280128
8.28096
8.281792
8.282624
8.283456
8.284288
8.28512
8.285952
8.286784
8.287616
8.288448
8.28928
8.290112
8.290944
8.291776
8.292608
8.29344
8.294272
8.295104
8.295936
8.296768
8.2976
8.298432
8.299264
8.300096
8.300928
8.30176
8.302592
8.303424
8.30384
8.304672
8.305504
8.306336
8.307168
8.308
8.308832
8.309664
8.310496
8.311328
8.31216
8.312992
8.313824
8.314656
8.31584
8.317408
8.31904
8.320672
8.322304
8.323936
8.325568
8.3272
8.328832
8.330464
8.332096
8.333728
8.33536
8.336992
8.338624
8.340256
8.341088
8.34272
8.343552
8.344384
8.345216
8.346048
8.34688
8.347712
8.348544
8.349376
8.350208
8.35104
8.351872
8.352704
8.353536
8.354368
8.3552
8.356032
8.356864
8.357696
8.358528
8.35936
8.360192
8.361024
8.361856
8.362688
8.36352
8.364352
8.365184
8.366016
8.366848
8.36768
8.368096
8.368928
8.36976
8.370592
8.371424
8.372256
8.373088
8.37392
8.374752
8.375584
8.376416
8.377248
8.37808
8.378912
8.38008
8.381632
8.383264
8.384896
8.386528
8.38816
8.389792
8.391424
8.393056
8.394688
8.39632
8.397952
8.399584
8.401216
8.402848
8.40368
8.405312
8.406144
8.406976
8.407808
8.40864
8.409472
8.410304
8.411136
8.411968
8.4128
8.413632
8.414464
8.415296
8.416128
8.41696
8.417792
8.418624
8.419456
8.420288
8.42112
8.421952
8.422784
8.423616
8.424448
8.42528
8.426112
8.426944
8.427776
8.428608
8.42944
8.430272
8.431104
8.43152
8.432352
8.433184
8.434016
8.434848
8.43568
8.436512
8.437344
8.438176
8.439008
8.43984
8.440672
8.441504
8.442336
8.443168
8.44432
8.445856
8.447488
8.44912
8.450752
8.452384
8.454016
8.455648
8.45728
8.458912
8.460544
8.462176
8.463808
8.46544
8.466272
8.467904
8.468736
8.469568
8.4704
8.471232
8.472064
8.472896
8.473728
8.47456
8.475392
8.476224
8.477056
8.477888
8.47872
8.479552
8.480384
8.481216
8.482048
8.48288
8.483712
8.484544
8.485376
8.486208
8.48704
8.487872
8.488704
8.489536
8.490368
8.4912
8.492032
8.492864
8.493696
8.494528
8.49536
8.495776
8.496608
8.49744
8.498272
8.499104
8.499936
8.500768
8.5016
8.502432
8.503264
8.504096
8.504928
8.50576
8.506592
8.507424
8.50856
8.51008
8.511712
8.513344
8.514976
8.516608
8.51824
8.519872
8.521504
8.523136
8.524768
8.5264
8.528032
8.528864
8.530496
8.531328
8.53216
8.532992
8.533824
8.534656
8.535488
8.53632
8.537152
8.537984
8.538816
8.539648
8.54048
8.541312
8.542144
8.542976
8.543808
8.54464
8.545472
8.546304
8.547136
8.547968
8.5488
8.549632
8.550464
8.551296
8.552128
8.55296
8.553792
8.554624
8.555456
8.556288
8.55712
8.557952
8.558784
8.5592
8.560032
8.560864
8.561696
8.562528
8.56336
8.564192
8.565024
8.565856
8.566688
8.56752
8.568352
8.569184
8.570016
8.570848
8.57168
8.5728
8.574304
8.575936
8.577568
8.5792
8.580832
8.582464
8.584096
8.585728
8.58736
8.588992
8.590624
8.591456
8.593088
8.59392
8.594752
8.595584
8.596416
8.597248
8.59808
8.598912
8.599744
8.600576
8.601408
8.60224
8.603072
8.603904
8.604736
8.605568
8.6064
8.607232
8.608064
8.608896
8.609728
8.61056
8.611392
8.612224
8.613056
8.613888
8.61472
8.615552
8.616384
8.617216
8.618048
8.61888
8.619712
8.620544
8.621376
8.622208
8.62304
8.623456
8.624288
8.62512
8.625952
8.626784
8.627616
8.628448
8.62928
8.630112
8.630944
8.631776
8.632608
8.63344
8.634272
8.635104
8.635936
8.63704
8.638528
8.64016
8.641792
8.643424
8.645056
8.646688
8.64832
8.649952
8.651584
8.653216
8.654048
8.65568
8.656512
8.657344
8.658176
8.659008
8.65984
8.660672
8.661504
8.662336
8.663168
8.664
8.664832
8.665664
8.666496
8.667328
8.66816
8.668992
8.669824
8.670656
8.671488
8.67232
8.673152
8.673984
8.674816
8.675648
8.67648
8.677312
8.678144
8.678976
8.679808
8.68064
8.681472
8.682304
8.683136
8.683968
8.6848
8.685632
8.686464
8.68688
8.687712
8.688544
8.689376
8.690208
8.69104
8.691872
8.692704
8.693536
8.694368
8.6952
8.696032
8.696864
8.697696
8.698528
8.69936
8.700192
8.70128
8.702752
8.704384
8.706016
8.707648
8.70928
8.710912
8.712544
8.714176
8.715808
8.71664
8.718272
8.719104
8.719936
8.720768
8.7216
8.722432
8.723264
8.724096
8.724928
8.72576
8.726592
8.727424
8.728256
8.729088
8.72992
8.730752
8.731584
8.732416
8.733248
8.73408
8.734912
8.735744
8.736576
8.737408
8.73824
8.739072
8.739904
8.740736
8.741568
8.7424
8.743232
8.744064
8.744896
8.745728
8.74656
8.747392
8.748224
8.749056
8.749888
8.75072
8.751136
8.751968
8.7528
8.753632
8.754464
8.755296
8.756128
8.75696
8.757792
8.758624
8.759456
8.760288
8.76112
8.761952
8.762784
8.763616
8.764448
8.76552
8.766976
8.768608
8.77024
8.771872
8.773504
8.775136
8.776768
8.7784
8.779232
8.780864
8.781696
8.782528
8.78336
8.784192
8.785024
8.785856
8.786688
8.78752
8.788352
8.789184
8.790016
8.790848
8.79168
8.792512
8.793344
8.794176
8.795008
8.79584
8.796672
8.797504
8.798336
8.799168
8.8
8.800832
8.801664
8.802496
8.803328
8.80416
8.804992
8.805824
8.806656
8.807488
8.80832
8.809152
8.809984
8.810816
8.811648
8.81248
8.813312
8.814144
8.81456
8.815392
8.816224
8.817056
8.817888
8.81872
8.819552
8.820384
8.821216
8.822048
8.82288
8.823712
8.824544
8.825376
8.826208
8.82704
8.827872
8.828704
8.82976
8.8312
8.832832
8.834464
8.836096
8.837728
8.83936
8.840992
8.841824
8.843456
8.844288
8.84512
8.845952
8.846784
8.847616
8.848448
8.84928
8.850112
8.850944
8.851776
8.852608
8.85344
8.854272
8.855104
8.855936
8.856768
8.8576
8.858432
8.859264
8.860096
8.860928
8.86176
8.862592
8.863424
8.864256
8.865088
8.86592
8.866752
8.867584
8.868416
8.869248
8.87008
8.870912
8.871744
8.872576
8.873408
8.87424
8.875072
8.875904
8.876736
8.877568
8.8784
8.878816
8.879648
8.88048
8.881312
8.882144
8.882976
8.883808
8.88464
8.885472
8.886304
8.887136
8.887968
8.8888
8.889632
8.890464
8.891296
8.892128
8.89296
8.894
8.895424
8.897056
8.898688
8.90032
8.901952
8.903584
8.904416
8.906048
8.90688
8.907712
8.908544
8.909376
8.910208
8.91104
8.911872
8.912704
8.913536
8.914368
8.9152
8.916032
8.916864
8.917696
8.918528
8.91936
8.920192
8.921024
8.921856
8.922688
8.92352
8.924352
8.925184
8.926016
8.926848
8.92768
8.928512
8.929344
8.930176
8.931008
8.93184
8.932672
8.933504
8.934336
8.935168
8.936
8.936832
8.937664
8.938496
8.939328
8.94016
8.940992
8.941824
8.94224
8.943072
8.943904
8.944736
8.945568
8.9464
8.947232
8.948064
8.948896
8.949728
8.95056
8.951392
8.952224
8.953056
8.953888
8.95472
8.955552
8.956384
8.957216
8.95824
8.959648
8.96128
8.962912
8.964544
8.966176
8.967008
8.96864
8.969472
8.970304
8.971136
8.971968
8.9728
8.973632
8.974464
8.975296
8.976128
8.97696
8.977792
8.978624
8.979456
8.980288
8.98112
8.981952
8.982784
8.983616
8.984448
8.98528
8.986112
8.986944
8.987776
8.988608
8.98944
8.990272
8.991104
8.991936
8.992768
8.9936
8.994432
8.995264
8.996096
8.996928
8.99776
8.998592
8.999424
9.000256
9.001088
9.00192
9.002752
9.003584
9.004416
9.005248
9.00608
9.006496
9.007328
9.00816
9.008992
9.009824
9.010656
9.011488
9.01232
9.013152
9.013984
9.014816
9.015648
9.01648
9.017312
9.018144
9.018976
9.019808
9.02064
9.021472
9.02248
9.023872
9.025504
9.027136
9.028768
9.0296
9.031232
