0.030096 60.192000
0.091488 62.592000
0.091904 63.424000
0.154080 62.592000
0.154496 63.424000
0.155328 63.424000
0.155744 64.256000
0.216672 62.592000
0.217088 63.424000
0.217920 63.424000
0.218336 64.256000
0.219168 64.256000
0.219584 65.088000
0.220416 65.088000
0.220832 65.920000
0.279264 62.592000
0.279680 63.424000
0.280512 63.424000
0.280928 64.256000
0.281760 64.256000
0.282176 65.088000
0.283008 65.088000
0.283424 65.920000
0.284256 65.920000
0.284672 66.752000
0.285504 66.752000
0.285920 67.584000
0.286752 67.584000
0.287168 68.416000
0.345222 182.861000
0.377351 120.269000
0.384441 132.787000
0.385273 132.787000
0.386105 132.787000
0.386937 132.787000
0.387760 132.768000
0.410320 176.224000
0.436624 125.242000
0.468781 62.592000
0.469197 63.424000
0.482131 62.592000
0.482547 63.424000
0.483379 63.424000
0.483795 64.256000
0.484627 64.256000
0.485043 65.088000
0.485875 65.088000
0.486291 65.920000
0.487113 65.939000
0.487530 66.771000
0.529728 62.592000
0.530144 63.424000
0.530967 63.443000
0.531799 63.443000
0.532631 63.443000
0.544723 62.592000
0.545555 62.592000
0.546387 62.592000
0.547219 62.592000
0.548051 62.592000
0.548883 62.592000
0.549299 63.424000
0.550131 63.424000
0.550963 63.424000
0.551795 63.424000
0.552627 63.424000
0.592320 62.592000
0.593152 62.592000
0.593984 62.592000
0.594816 62.592000
0.595648 62.592000
0.607315 62.592000
0.608147 62.592000
0.608979 62.592000
0.609811 62.592000
0.610643 62.592000
0.611475 62.592000
0.612307 62.592000
0.613139 62.592000
0.613555 63.424000
0.614387 63.424000
0.615219 63.424000
0.616051 63.424000
0.654912 62.592000
0.655744 62.592000
0.656576 62.592000
0.657408 62.592000
0.658240 62.592000
0.669907 62.592000
0.670739 62.592000
0.671571 62.592000
0.672403 62.592000
0.673235 62.592000
0.674067 62.592000
0.674899 62.592000
0.675731 62.592000
0.676563 62.592000
0.676979 63.424000
0.677811 63.424000
0.678643 63.424000
0.679475 63.424000
0.717504 62.592000
0.718336 62.592000
0.719168 62.592000
0.720000 62.592000
0.720832 62.592000
0.732499 62.592000
0.733331 62.592000
0.734163 62.592000
0.734995 62.592000
0.735827 62.592000
0.736659 62.592000
0.737491 62.592000
0.738323 62.592000
0.739155 62.592000
0.739987 62.592000
0.740819 62.592000
0.741235 63.424000
0.742067 63.424000
0.742899 63.424000
0.780096 62.592000
0.780928 62.592000
0.781760 62.592000
0.782592 62.592000
0.783424 62.592000
0.795091 62.592000
0.795923 62.592000
0.796755 62.592000
0.797587 62.592000
0.798419 62.592000
0.799251 62.592000
0.800083 62.592000
0.800915 62.592000
0.801747 62.592000
0.802579 62.592000
0.803411 62.592000
0.804243 62.592000
0.804659 63.424000
0.805491 63.424000
0.806323 63.424000
0.842688 62.592000
0.843520 62.592000
0.844352 62.592000
0.845184 62.592000
0.846016 62.592000
0.857683 62.592000
0.858515 62.592000
0.859347 62.592000
0.860179 62.592000
0.861011 62.592000
0.861843 62.592000
0.862675 62.592000
0.863507 62.592000
0.864339 62.592000
0.865171 62.592000
0.866003 62.592000
0.866835 62.592000
0.867667 62.592000
0.868499 62.592000
0.868915 63.424000
0.869747 63.424000
0.905280 62.592000
0.906112 62.592000
0.906944 62.592000
0.907776 62.592000
0.908608 62.592000
0.920275 62.592000
0.921107 62.592000
0.921939 62.592000
0.922771 62.592000
0.923603 62.592000
0.924435 62.592000
0.925267 62.592000
0.926099 62.592000
0.926931 62.592000
0.927763 62.592000
0.928595 62.592000
0.929427 62.592000
0.930259 62.592000
0.931091 62.592000
0.931923 62.592000
0.932339 63.424000
0.933171 63.424000
0.967872 62.592000
0.968704 62.592000
0.969536 62.592000
0.970368 62.592000
0.971200 62.592000
0.982867 62.592000
0.983699 62.592000
0.984531 62.592000
0.985363 62.592000
0.986195 62.592000
0.987027 62.592000
0.987859 62.592000
0.988691 62.592000
0.989523 62.592000
0.990355 62.592000
0.991187 62.592000
0.992019 62.592000
0.992851 62.592000
0.993683 62.592000
0.994515 62.592000
0.995347 62.592000
0.996179 62.592000
0.996595 63.424000
1.030464 62.592000
1.031296 62.592000
1.032128 62.592000
1.032960 62.592000
1.033792 62.592000
1.045459 62.592000
1.046291 62.592000
1.047123 62.592000
1.047955 62.592000
1.048787 62.592000
1.049619 62.592000
1.050451 62.592000
1.051283 62.592000
1.052115 62.592000
1.052947 62.592000
1.053779 62.592000
1.054611 62.592000
1.055443 62.592000
1.056275 62.592000
1.057107 62.592000
1.057939 62.592000
1.058771 62.592000
1.059603 62.592000
1.060019 63.424000
1.093056 62.592000
1.093888 62.592000
1.094720 62.592000
1.095552 62.592000
1.096384 62.592000
1.108051 62.592000
1.108883 62.592000
1.109715 62.592000
1.110547 62.592000
1.111379 62.592000
1.112211 62.592000
1.113043 62.592000
1.113875 62.592000
1.114707 62.592000
1.115539 62.592000
1.116371 62.592000
1.117203 62.592000
1.118035 62.592000
1.118867 62.592000
1.119699 62.592000
1.120531 62.592000
1.121363 62.592000
1.122195 62.592000
1.123027 62.592000
1.155648 62.592000
1.156064 63.424000
1.156896 63.424000
1.157728 63.424000
1.158560 63.424000
1.159392 63.424000
1.170643 62.592000
1.171475 62.592000
1.172307 62.592000
1.173139 62.592000
1.173971 62.592000
1.174803 62.592000
1.175635 62.592000
1.176467 62.592000
1.177299 62.592000
1.178131 62.592000
1.178963 62.592000
1.179795 62.592000
1.180627 62.592000
1.181459 62.592000
1.182291 62.592000
1.183123 62.592000
1.183955 62.592000
1.184787 62.592000
1.185619 62.592000
1.218240 62.592000
1.219072 62.592000
1.219488 63.424000
1.220320 63.424000
1.221152 63.424000
1.221984 63.424000
1.222816 63.424000
1.233235 62.592000
1.234067 62.592000
1.234899 62.592000
1.235731 62.592000
1.236563 62.592000
1.237395 62.592000
1.238227 62.592000
1.239059 62.592000
1.239891 62.592000
1.240723 62.592000
1.241555 62.592000
1.242387 62.592000
1.243219 62.592000
1.244051 62.592000
1.244883 62.592000
1.245715 62.592000
1.246547 62.592000
1.247379 62.592000
1.248211 62.592000
1.280832 62.592000
1.281664 62.592000
1.282496 62.592000
1.283328 62.592000
1.283744 63.424000
1.284576 63.424000
1.285408 63.424000
1.286240 63.424000
1.295827 62.592000
1.296659 62.592000
1.297491 62.592000
1.298323 62.592000
1.299155 62.592000
1.299987 62.592000
1.300819 62.592000
1.301651 62.592000
1.302483 62.592000
1.303315 62.592000
1.304147 62.592000
1.304979 62.592000
1.305811 62.592000
1.306643 62.592000
1.307475 62.592000
1.308307 62.592000
1.309139 62.592000
1.309971 62.592000
1.310803 62.592000
1.343424 62.592000
1.344256 62.592000
1.345088 62.592000
1.345920 62.592000
1.346752 62.592000
1.347168 63.424000
1.348000 63.424000
1.348832 63.424000
1.349664 63.424000
1.358419 62.592000
1.359251 62.592000
1.360083 62.592000
1.360915 62.592000
1.361747 62.592000
1.362579 62.592000
1.363411 62.592000
1.364243 62.592000
1.365075 62.592000
1.365907 62.592000
1.366739 62.592000
1.367571 62.592000
1.368403 62.592000
1.369235 62.592000
1.370067 62.592000
1.370899 62.592000
1.371731 62.592000
1.372563 62.592000
1.373395 62.592000
1.406016 62.592000
1.406848 62.592000
1.407680 62.592000
1.408512 62.592000
1.409344 62.592000
1.410176 62.592000
1.411008 62.592000
1.411424 63.424000
1.412256 63.424000
1.413088 63.424000
1.421011 62.592000
1.421843 62.592000
1.422675 62.592000
1.423507 62.592000
1.424339 62.592000
1.425171 62.592000
1.426003 62.592000
1.426835 62.592000
1.427667 62.592000
1.428499 62.592000
1.429331 62.592000
1.430163 62.592000
1.430995 62.592000
1.431827 62.592000
1.432659 62.592000
1.433491 62.592000
1.434323 62.592000
1.435155 62.592000
1.435987 62.592000
1.468608 62.592000
1.469440 62.592000
1.470272 62.592000
1.471104 62.592000
1.471936 62.592000
1.472768 62.592000
1.473600 62.592000
1.474432 62.592000
1.474848 63.424000
1.475680 63.424000
1.476512 63.424000
1.483603 62.592000
1.484435 62.592000
1.485267 62.592000
1.486099 62.592000
1.486931 62.592000
1.487763 62.592000
1.488595 62.592000
1.489427 62.592000
1.490259 62.592000
1.491091 62.592000
1.491923 62.592000
1.492755 62.592000
1.493587 62.592000
1.494419 62.592000
1.495251 62.592000
1.496083 62.592000
1.496915 62.592000
1.497747 62.592000
1.498579 62.592000
1.531200 62.592000
1.532032 62.592000
1.532864 62.592000
1.533696 62.592000
1.534528 62.592000
1.535360 62.592000
1.536192 62.592000
1.537024 62.592000
1.537856 62.592000
1.538688 62.592000
1.539104 63.424000
1.539936 63.424000
1.546195 62.592000
1.547027 62.592000
1.547859 62.592000
1.548691 62.592000
1.549523 62.592000
1.550355 62.592000
1.551187 62.592000
1.552019 62.592000
1.552851 62.592000
1.553683 62.592000
1.554515 62.592000
1.555347 62.592000
1.556179 62.592000
1.557011 62.592000
1.557843 62.592000
1.558675 62.592000
1.559507 62.592000
1.560339 62.592000
1.561171 62.592000
1.593792 62.592000
1.594624 62.592000
1.595456 62.592000
1.596288 62.592000
1.597120 62.592000
1.597952 62.592000
1.598784 62.592000
1.599616 62.592000
1.600448 62.592000
1.601280 62.592000
1.602112 62.592000
1.602528 63.424000
1.603360 63.424000
1.608787 62.592000
1.609619 62.592000
1.610451 62.592000
1.611283 62.592000
1.612115 62.592000
1.612947 62.592000
1.613779 62.592000
1.614611 62.592000
1.615443 62.592000
1.616275 62.592000
1.617107 62.592000
1.617939 62.592000
1.618771 62.592000
1.619603 62.592000
1.620435 62.592000
1.621267 62.592000
1.622099 62.592000
1.622931 62.592000
1.623763 62.592000
1.656384 62.592000
1.657216 62.592000
1.658048 62.592000
1.658880 62.592000
1.659712 62.592000
1.660544 62.592000
1.661376 62.592000
1.662208 62.592000
1.663040 62.592000
1.663872 62.592000
1.664704 62.592000
1.665536 62.592000
1.665952 63.424000
1.666784 63.424000
1.671379 62.592000
1.672211 62.592000
1.673043 62.592000
1.673875 62.592000
1.674707 62.592000
1.675539 62.592000
1.676371 62.592000
1.677203 62.592000
1.678035 62.592000
1.678867 62.592000
1.679699 62.592000
1.680531 62.592000
1.681363 62.592000
1.682195 62.592000
1.683027 62.592000
1.683859 62.592000
1.684691 62.592000
1.685523 62.592000
1.686355 62.592000
1.718976 62.592000
1.719808 62.592000
1.720640 62.592000
1.721472 62.592000
1.722304 62.592000
1.723136 62.592000
1.723968 62.592000
1.724800 62.592000
1.725632 62.592000
1.726464 62.592000
1.727296 62.592000
1.728128 62.592000
1.728960 62.592000
1.729792 62.592000
1.730208 63.424000
1.733971 62.592000
1.734803 62.592000
1.735635 62.592000
1.736467 62.592000
1.737299 62.592000
1.738131 62.592000
1.738963 62.592000
1.739795 62.592000
1.740627 62.592000
1.741459 62.592000
1.742291 62.592000
1.743123 62.592000
1.743955 62.592000
1.744787 62.592000
1.745619 62.592000
1.746451 62.592000
1.747283 62.592000
1.748115 62.592000
1.748947 62.592000
1.781568 62.592000
1.782400 62.592000
1.783232 62.592000
1.784064 62.592000
1.784896 62.592000
1.785728 62.592000
1.786560 62.592000
1.787392 62.592000
1.788224 62.592000
1.789056 62.592000
1.789888 62.592000
1.790720 62.592000
1.791552 62.592000
1.792384 62.592000
1.793216 62.592000
1.793632 63.424000
1.796563 62.592000
1.797395 62.592000
1.798227 62.592000
1.799059 62.592000
1.799891 62.592000
1.800723 62.592000
1.801555 62.592000
1.802387 62.592000
1.803219 62.592000
1.804051 62.592000
1.804883 62.592000
1.805715 62.592000
1.806547 62.592000
1.807379 62.592000
1.808211 62.592000
1.809043 62.592000
1.809875 62.592000
1.810707 62.592000
1.811539 62.592000
1.844160 62.592000
1.844992 62.592000
1.845824 62.592000
1.846656 62.592000
1.847488 62.592000
1.848320 62.592000
1.849152 62.592000
1.849984 62.592000
1.850816 62.592000
1.851648 62.592000
1.852480 62.592000
1.853312 62.592000
1.854144 62.592000
1.854976 62.592000
1.855808 62.592000
1.856640 62.592000
1.859155 62.592000
1.859571 63.424000
1.860403 63.424000
1.861235 63.424000
1.862067 63.424000
1.862899 63.424000
1.863731 63.424000
1.864563 63.424000
1.865395 63.424000
1.866227 63.424000
1.867059 63.424000
1.867891 63.424000
1.868723 63.424000
1.869555 63.424000
1.870387 63.424000
1.871219 63.424000
1.872051 63.424000
1.872883 63.424000
1.873715 63.424000
1.874547 63.424000
1.906752 62.592000
1.907584 62.592000
1.908416 62.592000
1.909248 62.592000
1.910080 62.592000
1.910912 62.592000
1.911744 62.592000
1.912576 62.592000
1.913408 62.592000
1.914240 62.592000
1.915072 62.592000
1.915904 62.592000
1.916736 62.592000
1.917568 62.592000
1.918400 62.592000
1.919232 62.592000
1.921747 62.592000
1.922579 62.592000
1.922995 63.424000
1.923827 63.424000
1.924659 63.424000
1.925491 63.424000
1.926323 63.424000
1.927155 63.424000
1.927987 63.424000
1.928819 63.424000
1.929651 63.424000
1.930483 63.424000
1.931315 63.424000
1.932147 63.424000
1.932979 63.424000
1.933811 63.424000
1.934643 63.424000
1.935475 63.424000
1.936307 63.424000
1.937139 63.424000
1.937971 63.424000
1.969344 62.592000
1.970176 62.592000
1.971008 62.592000
1.971840 62.592000
1.972672 62.592000
1.973504 62.592000
1.974336 62.592000
1.975168 62.592000
1.976000 62.592000
1.976832 62.592000
1.977664 62.592000
1.978496 62.592000
1.979328 62.592000
1.980160 62.592000
1.980992 62.592000
1.981824 62.592000
1.984339 62.592000
1.985171 62.592000
1.986003 62.592000
1.986835 62.592000
1.987251 63.424000
1.988083 63.424000
1.988915 63.424000
1.989747 63.424000
1.990579 63.424000
1.991411 63.424000
1.992243 63.424000
1.993075 63.424000
1.993907 63.424000
1.994739 63.424000
1.995571 63.424000
1.996403 63.424000
1.997235 63.424000
1.998067 63.424000
1.998899 63.424000
1.999731 63.424000
2.000563 63.424000
2.001395 63.424000
2.032000 62.720000
2.032832 62.720000
2.034064 63.520000
2.034896 63.520000
2.036128 64.320000
2.037360 65.120000
2.038192 65.120000
2.039424 65.920000
2.040256 65.920000
2.041488 66.720000
2.042320 66.720000
2.043552 67.520000
2.044384 67.520000
2.045616 68.320000
2.046448 68.320000
2.047680 69.120000
2.049754 68.237000
2.050985 69.037000
2.051818 69.037000
2.052650 69.037000
2.053482 69.037000
2.053897 69.869000
2.054729 69.869000
2.055562 69.869000
2.056393 69.869000
2.057225 69.869000
2.058058 69.869000
2.094663 141.415000
2.096300 141.363000
2.118176 181.786000
2.153904 113.556000
2.181018 62.592000
2.182650 62.592000
2.183882 63.392000
2.185514 63.392000
2.187146 63.392000
2.187978 63.392000
2.189610 63.392000
2.190842 64.192000
2.192474 64.192000
2.193306 64.192000
2.194538 64.992000
2.195370 64.992000
2.196602 65.792000
2.197434 65.792000
2.198666 66.592000
2.200288 66.612000
2.200704 67.444000
2.240365 62.592000
2.241181 64.224000
2.242403 63.443000
2.244035 63.443000
2.245667 63.443000
2.247300 63.443000
2.248932 63.443000
2.250564 63.443000
2.251796 64.243000
2.253427 64.243000
2.255059 64.243000
2.256692 64.243000
2.257524 64.243000
2.259156 64.243000
2.260388 65.043000
2.262020 65.043000
2.262852 65.043000
2.264483 65.043000
2.266516 65.843000
2.267348 65.843000
2.302957 62.592000
2.304589 62.592000
2.305821 63.392000
2.306237 64.224000
2.307869 64.224000
2.309501 64.224000
2.311133 64.224000
2.312765 64.224000
2.314397 64.224000
2.316029 64.224000
2.317661 64.224000
2.319293 64.224000
2.320925 64.224000
2.322157 65.024000
2.323789 65.024000
2.325421 65.024000
2.327053 65.024000
2.327885 65.024000
2.329517 65.024000
2.331949 65.024000
2.332781 65.024000
2.365549 62.592000
2.367181 62.592000
2.368813 62.592000
2.370045 63.392000
2.370861 65.024000
2.372093 64.224000
2.373725 64.224000
2.375357 64.224000
2.376989 64.224000
2.378621 64.224000
2.380253 64.224000
2.381885 64.224000
2.383517 64.224000
2.385149 64.224000
2.386781 64.224000
2.388413 64.224000
2.390045 64.224000
2.391677 64.224000
2.392909 65.024000
2.394541 65.024000
2.396573 64.224000
2.397805 65.024000
2.428503 63.315000
2.430135 63.315000
2.431767 63.315000
2.433399 63.315000
2.435030 63.315000
2.435862 63.315000
2.436679 64.947000
2.437911 64.147000
2.439542 64.147000
2.441174 64.147000
2.442807 64.147000
2.444438 64.147000
2.446071 64.147000
2.447703 64.147000
2.449334 64.147000
2.450966 64.147000
2.452599 64.147000
2.454230 64.147000
2.455863 64.147000
2.457495 64.147000
2.459126 64.147000
2.460758 64.147000
2.462390 64.147000
2.491456 62.592000
2.493088 62.592000
2.494720 62.592000
2.496352 62.592000
2.497984 62.592000
2.499216 63.392000
2.500848 63.392000
2.501264 64.224000
2.502496 65.024000
2.503728 64.224000
2.505360 64.224000
2.506992 64.224000
2.508624 64.224000
2.510256 64.224000
2.511888 64.224000
2.513520 64.224000
2.515152 64.224000
2.516784 64.224000
2.518416 64.224000
2.520048 64.224000
2.522080 65.024000
2.523712 65.024000
2.525344 65.024000
2.526976 65.024000
2.554048 62.592000
2.555680 62.592000
2.557312 62.592000
2.558944 62.592000
2.560576 62.592000
2.562208 62.592000
2.563840 62.592000
2.565072 63.392000
2.565488 64.224000
2.567120 64.224000
2.567952 64.224000
2.569584 64.224000
2.571216 64.224000
2.572848 64.224000
2.574880 65.024000
2.576512 65.024000
2.578144 65.024000
2.579776 65.024000
2.581408 65.024000
2.583040 65.024000
2.584672 65.024000
2.586704 64.224000
2.588336 64.224000
2.589968 64.224000
2.591600 64.224000
2.616640 62.592000
2.618272 62.592000
2.619904 62.592000
2.621536 62.592000
2.623168 62.592000
2.624800 62.592000
2.626432 62.592000
2.628464 63.392000
2.629296 63.392000
2.630928 63.392000
2.631744 65.024000
2.632576 65.024000
2.634208 65.024000
2.635840 65.024000
2.637472 65.024000
2.639504 64.224000
2.641136 64.224000
2.642768 64.224000
2.644400 64.224000
2.646032 64.224000
2.647664 64.224000
2.649296 64.224000
2.650928 64.224000
2.652560 64.224000
2.654192 64.224000
2.655824 64.224000
2.679232 62.592000
2.681264 63.392000
2.682896 63.392000
2.684528 63.392000
2.686160 63.392000
2.687792 63.392000
2.689424 63.392000
2.691456 62.592000
2.692688 63.392000
2.694320 63.392000
2.695952 63.392000
2.696368 64.224000
2.697600 65.024000
2.698832 64.224000
2.700464 64.224000
2.702096 64.224000
2.703728 64.224000
2.705360 64.224000
2.706992 64.224000
2.708624 64.224000
2.710256 64.224000
2.711888 64.224000
2.713520 64.224000
2.715152 64.224000
2.716784 64.224000
2.718416 64.224000
2.720048 64.224000
2.742144 63.232000
2.744256 62.592000
2.745888 62.592000
2.747520 62.592000
2.749152 62.592000
2.750784 62.592000
2.752416 62.592000
2.754048 62.592000
2.755680 62.592000
2.757312 62.592000
2.758944 62.592000
2.760176 63.392000
2.761808 63.392000
2.762224 64.224000
2.763456 65.024000
2.764688 64.224000
2.766320 64.224000
2.767952 64.224000
2.769584 64.224000
2.771216 64.224000
2.772848 64.224000
2.774880 65.024000
2.776512 65.024000
2.778144 65.024000
2.779776 65.024000
2.781408 65.024000
2.783040 65.024000
2.784672 65.024000
2.805056 62.592000
2.806848 62.592000
2.808480 62.592000
2.810112 62.592000
2.811744 62.592000
2.813376 62.592000
2.815008 62.592000
2.816640 62.592000
2.818272 62.592000
2.819904 62.592000
2.821536 62.592000
2.823168 62.592000
2.824800 62.592000
2.826032 63.392000
2.826848 65.024000
2.828080 64.224000
2.829312 65.024000
2.830944 65.024000
2.832576 65.024000
2.834208 65.024000
2.835840 65.024000
2.837472 65.024000
2.839504 64.224000
2.841136 64.224000
2.842768 64.224000
2.844400 64.224000
2.846032 64.224000
2.847664 64.224000
2.849296 64.224000
2.867648 62.592000
2.869440 62.592000
2.871072 62.592000
2.872704 62.592000
2.874336 62.592000
2.875968 62.592000
2.877600 62.592000
2.879232 62.592000
2.881264 63.392000
2.882896 63.392000
2.884528 63.392000
2.886160 63.392000
2.887792 63.392000
2.889424 63.392000
2.891056 63.392000
2.891888 63.392000
2.892704 65.024000
2.893936 64.224000
2.895568 64.224000
2.897200 64.224000
2.898832 64.224000
2.900464 64.224000
2.902096 64.224000
2.903728 64.224000
2.905360 64.224000
2.906992 64.224000
2.908624 64.224000
2.910256 64.224000
2.911888 64.224000
2.913520 64.224000
2.930240 62.592000
2.932032 62.592000
2.934064 63.392000
2.935696 63.392000
2.937328 63.392000
2.938960 63.392000
2.940592 63.392000
2.942224 63.392000
2.944256 62.592000
2.945888 62.592000
2.947520 62.592000
2.949152 62.592000
2.950784 62.592000
2.952416 62.592000
2.954048 62.592000
2.955280 63.392000
2.956912 63.392000
2.957328 64.224000
2.958560 65.024000
2.959792 64.224000
2.961424 64.224000
2.963056 64.224000
2.964688 64.224000
2.966320 64.224000
2.967952 64.224000
2.969584 64.224000
2.971216 64.224000
2.972848 64.224000
2.974880 65.024000
2.976512 65.024000
2.978144 65.024000
2.992832 62.592000
2.994944 63.232000
2.997056 62.592000
2.998688 62.592000
3.000320 62.592000
3.001952 62.592000
3.003584 62.592000
3.005216 62.592000
3.006848 62.592000
3.008480 62.592000
3.010112 62.592000
3.011744 62.592000
3.013376 62.592000
3.015008 62.592000
3.016640 62.592000
3.018272 62.592000
3.019904 62.592000
3.021136 63.392000
3.022768 63.392000
3.023184 64.224000
3.024416 65.024000
3.026048 65.024000
3.027680 65.024000
3.029312 65.024000
3.030944 65.024000
3.032576 65.024000
3.034208 65.024000
3.035840 65.024000
3.037472 65.024000
3.039504 64.224000
3.041136 64.224000
3.042768 64.224000
3.055744 63.232000
3.057856 62.592000
3.059648 62.592000
3.061280 62.592000
3.062912 62.592000
3.064544 62.592000
3.066176 62.592000
3.067808 62.592000
3.069440 62.592000
3.071072 62.592000
3.072704 62.592000
3.074336 62.592000
3.075968 62.592000
3.077600 62.592000
3.079232 62.592000
3.081264 63.392000
3.082896 63.392000
3.084528 63.392000
3.086160 63.392000
3.086992 63.392000
3.087808 65.024000
3.089040 64.224000
3.090672 64.224000
3.092304 64.224000
3.093936 64.224000
3.095568 64.224000
3.097200 64.224000
3.098832 64.224000
3.100464 64.224000
3.102096 64.224000
3.103728 64.224000
3.105360 64.224000
3.106992 64.224000
3.118656 62.592000
3.120448 62.592000
3.122240 62.592000
3.123872 62.592000
3.125504 62.592000
3.127136 62.592000
3.128768 62.592000
3.130400 62.592000
3.132032 62.592000
3.134064 63.392000
3.135696 63.392000
3.137328 63.392000
3.138960 63.392000
3.140592 63.392000
3.142224 63.392000
3.144256 62.592000
3.145888 62.592000
3.147520 62.592000
3.149152 62.592000
3.150384 63.392000
3.152016 63.392000
3.152848 63.392000
3.153664 65.024000
3.154896 64.224000
3.156528 64.224000
3.158160 64.224000
3.159792 64.224000
3.161424 64.224000
3.163056 64.224000
3.164688 64.224000
3.166320 64.224000
3.167952 64.224000
3.169584 64.224000
3.171216 64.224000
3.181248 62.592000
3.183040 62.592000
3.184832 62.592000
3.186864 63.392000
3.188496 63.392000
3.190128 63.392000
3.191760 63.392000
3.193392 63.392000
3.195024 63.392000
3.197056 62.592000
3.198688 62.592000
3.200320 62.592000
3.201952 62.592000
3.203584 62.592000
3.205216 62.592000
3.206848 62.592000
3.208480 62.592000
3.210112 62.592000
3.211744 62.592000
3.213376 62.592000
3.215008 62.592000
3.216240 63.392000
3.217872 63.392000
3.218288 64.224000
3.219520 65.024000
3.220752 64.224000
3.222384 64.224000
3.224016 64.224000
3.225648 64.224000
3.227680 65.024000
3.229312 65.024000
3.230944 65.024000
3.232576 65.024000
3.234208 65.024000
3.235840 65.024000
3.243840 62.592000
3.245632 62.592000
3.247744 63.232000
3.249856 62.592000
3.251488 62.592000
3.253120 62.592000
3.254752 62.592000
3.256384 62.592000
3.258016 62.592000
3.259648 62.592000
3.261280 62.592000
3.262912 62.592000
3.264544 62.592000
3.266176 62.592000
3.267808 62.592000
3.269440 62.592000
3.271072 62.592000
3.272704 62.592000
3.274336 62.592000
3.275968 62.592000
3.277600 62.592000
3.279232 62.592000
3.281264 63.392000
3.282096 63.392000
3.283728 63.392000
3.284544 65.024000
3.285376 65.024000
3.287008 65.024000
3.288640 65.024000
3.290272 65.024000
3.292304 64.224000
3.293936 64.224000
3.295568 64.224000
3.297200 64.224000
3.298832 64.224000
3.300464 64.224000
3.306432 62.592000
3.308544 63.232000
3.310656 62.592000
3.312448 62.592000
3.314080 62.592000
3.315712 62.592000
3.317344 62.592000
3.318976 62.592000
3.320608 62.592000
3.322240 62.592000
3.323872 62.592000
3.325504 62.592000
3.327136 62.592000
3.328768 62.592000
3.330400 62.592000
3.332032 62.592000
3.334064 63.392000
3.335696 63.392000
3.337328 63.392000
3.338960 63.392000
3.340592 63.392000
3.342224 63.392000
3.344256 62.592000
3.345488 63.392000
3.347120 63.392000
3.348752 63.392000
3.349168 64.224000
3.350400 65.024000
3.351632 64.224000
3.353264 64.224000
3.354896 64.224000
3.356528 64.224000
3.358160 64.224000
3.359792 64.224000
3.361424 64.224000
3.363056 64.224000
3.364688 64.224000
3.369344 63.232000
3.371456 62.592000
3.373248 62.592000
3.375040 62.592000
3.376672 62.592000
3.378304 62.592000
3.379936 62.592000
3.381568 62.592000
3.383200 62.592000
3.384832 62.592000
3.386864 63.392000
3.388496 63.392000
3.390128 63.392000
3.391760 63.392000
3.393392 63.392000
3.395024 63.392000
3.397056 62.592000
3.398688 62.592000
3.400320 62.592000
3.401952 62.592000
3.403584 62.592000
3.405216 62.592000
3.406848 62.592000
3.408480 62.592000
3.410112 62.592000
3.411744 62.592000
3.412976 63.392000
3.414608 63.392000
3.415024 64.224000
3.416256 65.024000
3.417488 64.224000
3.419120 64.224000
3.420752 64.224000
3.422384 64.224000
3.424016 64.224000
3.425648 64.224000
3.427680 65.024000
3.429312 65.024000
3.432608 63.296000
3.434320 63.136000
3.436032 62.976000
3.437744 62.816000
3.439776 63.616000
3.441408 63.616000
3.443040 63.616000
3.444672 63.616000
3.446304 63.616000
3.447936 63.616000
3.449968 62.816000
3.451600 62.816000
3.453232 62.816000
3.454864 62.816000
3.456496 62.816000
3.458128 62.816000
3.459760 62.816000
3.461392 62.816000
3.463024 62.816000
3.464656 62.816000
3.466288 62.816000
3.467920 62.816000
3.469552 62.816000
3.471184 62.816000
3.472816 62.816000
3.474448 62.816000
3.476080 62.816000
3.477712 62.816000
3.478944 63.616000
3.479760 65.248000
3.480992 64.448000
3.482224 65.248000
3.483856 65.248000
3.485488 65.248000
3.487120 65.248000
3.488752 65.248000
3.490384 65.248000
3.492416 64.448000
3.494048 64.448000
3.496480 64.448000
3.498112 64.448000
3.499744 64.448000
3.501376 64.448000
3.503408 63.648000
3.505040 63.648000
3.506672 63.648000
3.508304 63.648000
3.509936 63.648000
3.511568 63.648000
3.513200 63.648000
3.514832 63.648000
3.516464 63.648000
3.518096 63.648000
3.519728 63.648000
3.521360 63.648000
3.523392 64.448000
3.525024 64.448000
3.526656 64.448000
3.528288 64.448000
3.529920 64.448000
3.531552 64.448000
3.533184 64.448000
3.534816 64.448000
3.536448 64.448000
3.538080 64.448000
3.539712 64.448000
3.541344 64.448000
3.542976 64.448000
3.544608 64.448000
3.545440 64.448000
3.546256 66.080000
3.547488 65.280000
3.549120 65.280000
3.550752 65.280000
3.552384 65.280000
3.554016 65.280000
3.555648 65.280000
3.557280 65.280000
3.558912 65.280000
3.561344 65.280000
3.562976 65.280000
3.564608 65.280000
3.566240 65.280000
3.567872 65.280000
3.569504 65.280000
3.571136 65.280000
3.572768 65.280000
3.574400 65.280000
3.576032 65.280000
3.577664 65.280000
3.579296 65.280000
3.580928 65.280000
3.582560 65.280000
3.584192 65.280000
3.585824 65.280000
3.588256 65.280000
3.589888 65.280000
3.591520 65.280000
3.593152 65.280000
3.594784 65.280000
3.596416 65.280000
3.598048 65.280000
3.599680 65.280000
3.601312 65.280000
3.602944 65.280000
3.604576 65.280000
3.606208 65.280000
3.607840 65.280000
3.609472 65.280000
3.610704 66.080000
3.612336 66.080000
3.612752 66.912000
3.613984 67.712000
3.615216 66.912000
3.616848 66.912000
3.618480 66.912000
3.620112 66.912000
3.621744 66.912000
3.623376 66.912000
3.625008 66.912000
3.627440 66.912000
3.629072 66.912000
3.630704 66.912000
3.632336 66.912000
3.633968 66.912000
3.635600 66.912000
3.637232 66.912000
3.638864 66.912000
3.640496 66.912000
3.642128 66.912000
3.643760 66.912000
3.645392 66.912000
3.647024 66.912000
3.648656 66.912000
3.650288 66.912000
3.651920 66.912000
3.654352 66.912000
3.655984 66.912000
3.657616 66.912000
3.659248 66.912000
3.660880 66.912000
3.662512 66.912000
3.664144 66.912000
3.665776 66.912000
3.667408 66.912000
3.669040 66.912000
3.670672 66.912000
3.672304 66.912000
3.673936 66.912000
3.675568 66.912000
3.677200 66.912000
3.678832 66.912000
3.679664 66.912000
3.681296 66.912000
3.682112 68.544000
3.682944 68.544000
3.684576 68.544000
3.686208 68.544000
3.687840 68.544000
3.689472 68.544000
3.691104 68.544000
3.692736 68.544000
3.695168 68.544000
3.696800 68.544000
3.698432 68.544000
3.700064 68.544000
3.701696 68.544000
3.703328 68.544000
3.704960 68.544000
3.706592 68.544000
3.708224 68.544000
3.709856 68.544000
3.711488 68.544000
3.713120 68.544000
3.714752 68.544000
3.716384 68.544000
3.718016 68.544000
3.719648 68.544000
3.721680 67.744000
3.723312 67.744000
3.724944 67.744000
3.726576 67.744000
3.728208 67.744000
3.730240 68.544000
3.731872 68.544000
3.733504 68.544000
3.735136 68.544000
3.736768 68.544000
3.738400 68.544000
3.740032 68.544000
3.741664 68.544000
3.743296 68.544000
3.744928 68.544000
3.746560 68.544000
3.747392 68.544000
3.749024 68.544000
3.786963 141.158000
3.788185 141.939000
3.839795 101.530000
3.860595 63.194000
3.862227 63.194000
3.863859 63.194000
3.865491 63.194000
3.867123 63.194000
3.868755 63.194000
3.870387 63.194000
3.872019 63.194000
3.873651 63.194000
3.875283 63.194000
3.877414 62.592000
3.879046 62.592000
3.880678 62.592000
3.881910 63.392000
3.883542 63.392000
3.885174 63.392000
3.886806 63.392000
3.888838 62.592000
3.890460 62.611000
3.891277 64.243000
3.921856 62.592000
3.923488 62.592000
3.924304 64.224000
3.925536 63.424000
3.927168 63.424000
3.928800 63.424000
3.930432 63.424000
3.932064 63.424000
3.933696 63.424000
3.935328 63.424000
3.936960 63.424000
3.938592 63.424000
3.940323 63.226000
3.941955 63.226000
3.943987 64.026000
3.945619 64.026000
3.947251 64.026000
3.948883 64.026000
3.950515 64.026000
3.952147 64.026000
3.953779 64.026000
3.955411 64.026000
3.984448 62.592000
3.986080 62.592000
3.987712 62.592000
3.988528 64.224000
3.989360 64.224000
3.990992 64.224000
3.992624 64.224000
3.994256 64.224000
3.995888 64.224000
3.997520 64.224000
3.999152 64.224000
4.000784 64.224000
4.002416 64.224000
4.004048 64.224000
4.005680 64.224000
4.008112 64.224000
4.009744 64.224000
4.011376 64.224000
4.013008 64.224000
4.014640 64.224000
4.016272 64.224000
4.017904 64.224000
4.019536 64.224000
4.047040 62.592000
4.048672 62.592000
4.050304 62.592000
4.051936 62.592000
4.053168 63.392000
4.053584 64.224000
4.055216 64.224000
4.056848 64.224000
4.058480 64.224000
4.060112 64.224000
4.061744 64.224000
4.063376 64.224000
4.065008 64.224000
4.066640 64.224000
4.068272 64.224000
4.069904 64.224000
4.072336 64.224000
4.073968 64.224000
4.075600 64.224000
4.077232 64.224000
4.078864 64.224000
4.080496 64.224000
4.082128 64.224000
4.083760 64.224000
4.109632 62.592000
4.111664 63.392000
4.113296 63.392000
4.114928 63.392000
4.116560 63.392000
4.117392 63.392000
4.118208 65.024000
4.119440 64.224000
4.121072 64.224000
4.122704 64.224000
4.124336 64.224000
4.125968 64.224000
4.127600 64.224000
4.129232 64.224000
4.130864 64.224000
4.132496 64.224000
4.134128 64.224000
4.136560 64.224000
4.138192 64.224000
4.139824 64.224000
4.141456 64.224000
4.143088 64.224000
4.144720 64.224000
4.146352 64.224000
4.147984 64.224000
4.172544 63.232000
4.174656 62.592000
4.176288 62.592000
4.177920 62.592000
4.179552 62.592000
4.180784 63.392000
4.182416 63.392000
4.183248 63.392000
4.184064 65.024000
4.185296 64.224000
4.186928 64.224000
4.188560 64.224000
4.190192 64.224000
4.191824 64.224000
4.193456 64.224000
4.195088 64.224000
4.196720 64.224000
4.198352 64.224000
4.200784 64.224000
4.202416 64.224000
4.204048 64.224000
4.205680 64.224000
4.207312 64.224000
4.208944 64.224000
4.210576 64.224000
4.212208 64.224000
4.235456 62.592000
4.237248 62.592000
4.238880 62.592000
4.240512 62.592000
4.242144 62.592000
4.243776 62.592000
4.245408 62.592000
4.246640 63.392000
4.248272 63.392000
4.248688 64.224000
4.249920 65.024000
4.251152 64.224000
4.252784 64.224000
4.254416 64.224000
4.256048 64.224000
4.258080 65.024000
4.259712 65.024000
4.261344 65.024000
4.262976 65.024000
4.265008 64.224000
4.266640 64.224000
4.268272 64.224000
4.269904 64.224000
4.271536 64.224000
4.273168 64.224000
4.274800 64.224000
4.276432 64.224000
4.298048 62.592000
4.299840 62.592000
4.301472 62.592000
4.303104 62.592000
4.304736 62.592000
4.306368 62.592000
4.308000 62.592000
4.309632 62.592000
4.311664 63.392000
4.312496 63.392000
4.314128 63.392000
4.314944 65.024000
4.315776 65.024000
4.317408 65.024000
4.319040 65.024000
4.320672 65.024000
4.322704 64.224000
4.324336 64.224000
4.325968 64.224000
4.327600 64.224000
4.329232 64.224000
4.330864 64.224000
4.332496 64.224000
4.334128 64.224000
4.335760 64.224000
4.337392 64.224000
4.339024 64.224000
4.340656 64.224000
4.360640 62.592000
4.362432 62.592000
4.364464 63.392000
4.366096 63.392000
4.367728 63.392000
4.369360 63.392000
4.370992 63.392000
4.372624 63.392000
4.374656 62.592000
4.375888 63.392000
4.377520 63.392000
4.379152 63.392000
4.379568 64.224000
4.380800 65.024000
4.382032 64.224000
4.383664 64.224000
4.385296 64.224000
4.386928 64.224000
4.388560 64.224000
4.390192 64.224000
4.391824 64.224000
4.393456 64.224000
4.395088 64.224000
4.396720 64.224000
4.398352 64.224000
4.399984 64.224000
4.401616 64.224000
4.403248 64.224000
4.405280 65.024000
4.423232 62.592000
4.425344 63.232000
4.427456 62.592000
4.429088 62.592000
4.430720 62.592000
4.432352 62.592000
4.433984 62.592000
4.435616 62.592000
4.437248 62.592000
4.438880 62.592000
4.440512 62.592000
4.442144 62.592000
4.443376 63.392000
4.445008 63.392000
4.445424 64.224000
4.446656 65.024000
4.447888 64.224000
4.449520 64.224000
4.451152 64.224000
4.452784 64.224000
4.454416 64.224000
4.456048 64.224000
4.458080 65.024000
4.459712 65.024000
4.461344 65.024000
4.462976 65.024000
4.464608 65.024000
4.466240 65.024000
4.467872 65.024000
4.469904 64.224000
4.486144 63.232000
4.488256 62.592000
4.490048 62.592000
4.491680 62.592000
4.493312 62.592000
4.494944 62.592000
4.496576 62.592000
4.498208 62.592000
4.499840 62.592000
4.501472 62.592000
4.503104 62.592000
4.504736 62.592000
4.506368 62.592000
4.508000 62.592000
4.509232 63.392000
4.510048 65.024000
4.511280 64.224000
4.512512 65.024000
4.514144 65.024000
4.515776 65.024000
4.517408 65.024000
4.519040 65.024000
4.520672 65.024000
4.522704 64.224000
4.524336 64.224000
4.525968 64.224000
4.527600 64.224000
4.529232 64.224000
4.530864 64.224000
4.532496 64.224000
4.534128 64.224000
4.549056 62.592000
4.550848 62.592000
4.552640 62.592000
4.554272 62.592000
4.555904 62.592000
4.557536 62.592000
4.559168 62.592000
4.560800 62.592000
4.562432 62.592000
4.564464 63.392000
4.566096 63.392000
4.567728 63.392000
4.569360 63.392000
4.570992 63.392000
4.572624 63.392000
4.574256 63.392000
4.575088 63.392000
4.575904 65.024000
4.577136 64.224000
4.578768 64.224000
4.580400 64.224000
4.582032 64.224000
4.583664 64.224000
4.585296 64.224000
4.586928 64.224000
4.588560 64.224000
4.590192 64.224000
4.591824 64.224000
4.593456 64.224000
4.595088 64.224000
4.596720 64.224000
4.598352 64.224000
4.611648 62.592000
4.613440 62.592000
4.615232 62.592000
4.617264 63.392000
4.618896 63.392000
4.620528 63.392000
4.622160 63.392000
4.623792 63.392000
4.625424 63.392000
4.627456 62.592000
4.629088 62.592000
4.630720 62.592000
4.632352 62.592000
4.633984 62.592000
4.635616 62.592000
4.637248 62.592000
4.638480 63.392000
4.640112 63.392000
4.640528 64.224000
4.641760 65.024000
4.642992 64.224000
4.644624 64.224000
4.646256 64.224000
4.647888 64.224000
4.649520 64.224000
4.651152 64.224000
4.652784 64.224000
4.654416 64.224000
4.656048 64.224000
4.658080 65.024000
4.659712 65.024000
4.661344 65.024000
4.662976 65.024000
4.674240 62.592000
4.676032 62.592000
4.678144 63.232000
4.680256 62.592000
4.681888 62.592000
4.683520 62.592000
4.685152 62.592000
4.686784 62.592000
4.688416 62.592000
4.690048 62.592000
4.691680 62.592000
4.693312 62.592000
4.694944 62.592000
4.696576 62.592000
4.698208 62.592000
4.699840 62.592000
4.701472 62.592000
4.703104 62.592000
4.704336 63.392000
4.705968 63.392000
4.706384 64.224000
4.707616 65.024000
4.709248 65.024000
4.710880 65.024000
4.712512 65.024000
4.714144 65.024000
4.715776 65.024000
4.717408 65.024000
4.719040 65.024000
4.720672 65.024000
4.722704 64.224000
4.724336 64.224000
4.725968 64.224000
4.727600 64.224000
4.736832 62.592000
4.738944 63.232000
4.741056 62.592000
4.742848 62.592000
4.744480 62.592000
4.746112 62.592000
4.747744 62.592000
4.749376 62.592000
4.751008 62.592000
4.752640 62.592000
4.754272 62.592000
4.755904 62.592000
4.757536 62.592000
4.759168 62.592000
4.760800 62.592000
4.762432 62.592000
4.764464 63.392000
4.766096 63.392000
4.767728 63.392000
4.769360 63.392000
4.770192 63.392000
4.771008 65.024000
4.772240 64.224000
4.773872 64.224000
4.775504 64.224000
4.777136 64.224000
4.778768 64.224000
4.780400 64.224000
4.782032 64.224000
4.783664 64.224000
4.785296 64.224000
4.786928 64.224000
4.788560 64.224000
4.790192 64.224000
4.791824 64.224000
4.799744 63.232000
4.801856 62.592000
4.803648 62.592000
4.805440 62.592000
4.807072 62.592000
4.808704 62.592000
4.810336 62.592000
4.811968 62.592000
4.813600 62.592000
4.815232 62.592000
4.817264 63.392000
4.818896 63.392000
4.820528 63.392000
4.822160 63.392000
4.823792 63.392000
4.825424 63.392000
4.827456 62.592000
4.829088 62.592000
4.830720 62.592000
4.832352 62.592000
4.833584 63.392000
4.835216 63.392000
4.836048 63.392000
4.836864 65.024000
4.838096 64.224000
4.839728 64.224000
4.841360 64.224000
4.842992 64.224000
4.844624 64.224000
4.846256 64.224000
4.847888 64.224000
4.849520 64.224000
4.851152 64.224000
4.852784 64.224000
4.854416 64.224000
4.856048 64.224000
4.862656 62.592000
4.864448 62.592000
4.866240 62.592000
4.868032 62.592000
4.870064 63.392000
4.871696 63.392000
4.873328 63.392000
4.874960 63.392000
4.876592 63.392000
4.878224 63.392000
4.880256 62.592000
4.881888 62.592000
4.883520 62.592000
4.885152 62.592000
4.886784 62.592000
4.888416 62.592000
4.890048 62.592000
4.891680 62.592000
4.893312 62.592000
4.894944 62.592000
4.896576 62.592000
4.898208 62.592000
4.899440 63.392000
4.901072 63.392000
4.901488 64.224000
4.902720 65.024000
4.903952 64.224000
4.905584 64.224000
4.907216 64.224000
4.908848 64.224000
4.910880 65.024000
4.912512 65.024000
4.914144 65.024000
4.915776 65.024000
4.917408 65.024000
4.919040 65.024000
4.920672 65.024000
4.925248 62.592000
4.927040 62.592000
4.928832 62.592000
4.930944 63.232000
4.933056 62.592000
4.934688 62.592000
4.936320 62.592000
4.937952 62.592000
4.939584 62.592000
4.941216 62.592000
4.942848 62.592000
4.944480 62.592000
4.946112 62.592000
4.947744 62.592000
4.949376 62.592000
4.951008 62.592000
4.952640 62.592000
4.954272 62.592000
4.955904 62.592000
4.957536 62.592000
4.959168 62.592000
4.960800 62.592000
4.962432 62.592000
4.964464 63.392000
4.965296 63.392000
4.966928 63.392000
4.967744 65.024000
4.968576 65.024000
4.970208 65.024000
4.971840 65.024000
4.973472 65.024000
4.975504 64.224000
4.977136 64.224000
4.978768 64.224000
4.980400 64.224000
4.982032 64.224000
4.983664 64.224000
4.985296 64.224000
4.988192 63.296000
4.989904 63.136000
4.992016 63.776000
4.994048 62.976000
4.995760 62.816000
4.997392 62.816000
4.999024 62.816000
5.000656 62.816000
5.002288 62.816000
5.003920 62.816000
5.005552 62.816000
5.007184 62.816000
5.008816 62.816000
5.010448 62.816000
5.012080 62.816000
5.013712 62.816000
5.015344 62.816000
5.017376 63.616000
5.019008 63.616000
5.020640 63.616000
5.022272 63.616000
5.023904 63.616000
5.025536 63.616000
5.027568 62.816000
5.028800 63.616000
5.030432 63.616000
5.032064 63.616000
5.032480 64.448000
5.033712 65.248000
5.034944 64.448000
5.036576 64.448000
5.038208 64.448000
5.039840 64.448000
5.041472 64.448000
5.043104 64.448000
5.044736 64.448000
5.046368 64.448000
5.048000 64.448000
5.049632 64.448000
5.052064 64.448000
5.053696 64.448000
5.055728 63.648000
5.057360 63.648000
5.059392 64.448000
5.061024 64.448000
5.062656 64.448000
5.064288 64.448000
5.065920 64.448000
5.067552 64.448000
5.069184 64.448000
5.070816 64.448000
5.072448 64.448000
5.074080 64.448000
5.075712 64.448000
5.077344 64.448000
5.078976 64.448000
5.081008 63.648000
5.082640 63.648000
5.084272 63.648000
5.085904 63.648000
5.087536 63.648000
5.089168 63.648000
5.090800 63.648000
5.092432 63.648000
5.094064 63.648000
5.095696 63.648000
5.096928 64.448000
5.098560 64.448000
5.099376 66.080000
5.100208 66.080000
5.101840 66.080000
5.103472 66.080000
5.105104 66.080000
5.106736 66.080000
5.108368 66.080000
5.110000 66.080000
5.111632 66.080000
5.113264 66.080000
5.114896 66.080000
5.116928 65.280000
5.118560 65.280000
5.120192 65.280000
5.121824 65.280000
5.124256 65.280000
5.125888 65.280000
5.127520 65.280000
5.129152 65.280000
5.130784 65.280000
5.132416 65.280000
5.134048 65.280000
5.135680 65.280000
5.137312 65.280000
5.138944 65.280000
5.140576 65.280000
5.142208 65.280000
5.143840 65.280000
5.145472 65.280000
5.147104 65.280000
5.148736 65.280000
5.150368 65.280000
5.152000 65.280000
5.153632 65.280000
5.155264 65.280000
5.156896 65.280000
5.158528 65.280000
5.160160 65.280000
5.161792 65.280000
5.163424 65.280000
5.165056 65.280000
5.165872 66.912000
5.166704 66.912000
5.168336 66.912000
5.169968 66.912000
5.171600 66.912000
5.173232 66.912000
5.174864 66.912000
5.176496 66.912000
5.178128 66.912000
5.179760 66.912000
5.181392 66.912000
5.183024 66.912000
5.184656 66.912000
5.186288 66.912000
5.187920 66.912000
5.190352 66.912000
5.191984 66.912000
5.193616 66.912000
5.195248 66.912000
5.196880 66.912000
5.198512 66.912000
5.200144 66.912000
5.201776 66.912000
5.203408 66.912000
5.205040 66.912000
5.206672 66.912000
5.208304 66.912000
5.209936 66.912000
5.211568 66.912000
5.213200 66.912000
5.214832 66.912000
5.216464 66.912000
5.218096 66.912000
5.219728 66.912000
5.221360 66.912000
5.222992 66.912000
5.224624 66.912000
5.226256 66.912000
5.227888 66.912000
5.229520 66.912000
5.231152 66.912000
5.232784 66.912000
5.233600 68.544000
5.234432 68.544000
5.236064 68.544000
5.237696 68.544000
5.239328 68.544000
5.240960 68.544000
5.242592 68.544000
5.244224 68.544000
5.245856 68.544000
5.247488 68.544000
5.249120 68.544000
5.250752 68.544000
5.252384 68.544000
5.254016 68.544000
5.255648 68.544000
5.257680 67.744000
5.259312 67.744000
5.260944 67.744000
5.262576 67.744000
5.264208 67.744000
5.266240 68.544000
5.267872 68.544000
5.269504 68.544000
5.271136 68.544000
5.272768 68.544000
5.274400 68.544000
5.276032 68.544000
5.277664 68.544000
5.279296 68.544000
5.280928 68.544000
5.282560 68.544000
5.284192 68.544000
5.285824 68.544000
5.287456 68.544000
5.289088 68.544000
5.290720 68.544000
5.292352 68.544000
5.293984 68.544000
5.295616 68.544000
5.297248 68.544000
5.298880 68.544000
5.300512 68.544000
5.302144 68.544000
5.302976 68.544000
5.339715 142.022000
5.403235 131.974000
5.438323 65.024000
5.440780 63.373000
5.442412 63.373000
5.443635 64.192000
5.444051 65.024000
5.473875 62.592000
5.476038 62.592000
5.478070 63.392000
5.479702 63.392000
5.481334 63.392000
5.482966 63.392000
5.484598 63.392000
5.486230 63.392000
5.487862 63.392000
5.489894 62.592000
5.491526 62.592000
5.493158 62.592000
5.494790 62.592000
5.496422 62.592000
5.498054 62.592000
5.499686 62.592000
5.500918 63.392000
5.502541 63.411000
5.504173 63.411000
5.505804 63.411000
5.507436 63.411000
5.508268 63.411000
5.536467 62.592000
5.538947 63.226000
5.541062 62.592000
5.542694 62.592000
5.544326 62.592000
5.545958 62.592000
5.547590 62.592000
5.549222 62.592000
5.550854 62.592000
5.552486 62.592000
5.554118 62.592000
5.555750 62.592000
5.557382 62.592000
5.559014 62.592000
5.560646 62.592000
5.562278 62.592000
5.563910 62.592000
5.565542 62.592000
5.567174 62.592000
5.567990 64.224000
5.569222 63.424000
5.570854 63.424000
5.572086 64.224000
5.599059 62.592000
5.601856 62.592000
5.603654 62.592000
5.605286 62.592000
5.606918 62.592000
5.608550 62.592000
5.610182 62.592000
5.611814 62.592000
5.613446 62.592000
5.615078 62.592000
5.616710 62.592000
5.618342 62.592000
5.619974 62.592000
5.621606 62.592000
5.623238 62.592000
5.625270 63.392000
5.626902 63.392000
5.628534 63.392000
5.630166 63.392000
5.631798 63.392000
5.632214 64.224000
5.633446 65.024000
5.634678 64.224000
5.636310 64.224000
5.661651 62.592000
5.664448 62.592000
5.666246 62.592000
5.667878 62.592000
5.669510 62.592000
5.671142 62.592000
5.672774 62.592000
5.674406 62.592000
5.676038 62.592000
5.678070 63.392000
5.679702 63.392000
5.681334 63.392000
5.682966 63.392000
5.684598 63.392000
5.686230 63.392000
5.688262 62.592000
5.689894 62.592000
5.691526 62.592000
5.693158 62.592000
5.694790 62.592000
5.696022 63.392000
5.697654 63.392000
5.698070 64.224000
5.699302 65.024000
5.700534 64.224000
5.724554 63.213000
5.727040 62.592000
5.728838 62.592000
5.730870 63.392000
5.732502 63.392000
5.734134 63.392000
5.735766 63.392000
5.737398 63.392000
5.739030 63.392000
5.741062 62.592000
5.742694 62.592000
5.744326 62.592000
5.745958 62.592000
5.747590 62.592000
5.749222 62.592000
5.750854 62.592000
5.752486 62.592000
5.754118 62.592000
5.755750 62.592000
5.757382 62.592000
5.759014 62.592000
5.760646 62.592000
5.761878 63.392000
5.762294 64.224000
5.763926 64.224000
5.764758 64.224000
5.787456 62.592000
5.789632 62.592000
5.791747 63.226000
5.793862 62.592000
5.795494 62.592000
5.797126 62.592000
5.798758 62.592000
5.800390 62.592000
5.802022 62.592000
5.803654 62.592000
5.805286 62.592000
5.806918 62.592000
5.808550 62.592000
5.810182 62.592000
5.811814 62.592000
5.813446 62.592000
5.815078 62.592000
5.816710 62.592000
5.818342 62.592000
5.819974 62.592000
5.821606 62.592000
5.823238 62.592000
5.825270 63.392000
5.826102 63.392000
5.827734 63.392000
5.828550 65.024000
5.829382 65.024000
5.850048 62.592000
5.852544 63.232000
5.854656 62.592000
5.856454 62.592000
5.858086 62.592000
5.859718 62.592000
5.861350 62.592000
5.862982 62.592000
5.864614 62.592000
5.866246 62.592000
5.867878 62.592000
5.869510 62.592000
5.871142 62.592000
5.872774 62.592000
5.874406 62.592000
5.876038 62.592000
5.878070 63.392000
5.879702 63.392000
5.881334 63.392000
5.882966 63.392000
5.884598 63.392000
5.886230 63.392000
5.888262 62.592000
5.889494 63.392000
5.891126 63.392000
5.892758 63.392000
5.893174 64.224000
5.894406 65.024000
5.912640 62.592000
5.915456 62.592000
5.917248 62.592000
5.919046 62.592000
5.920678 62.592000
5.922310 62.592000
5.923942 62.592000
5.925574 62.592000
5.927206 62.592000
5.928838 62.592000
5.930870 63.392000
5.932502 63.392000
5.934134 63.392000
5.935766 63.392000
5.937398 63.392000
5.939030 63.392000
5.941062 62.592000
5.942694 62.592000
5.944326 62.592000
5.945958 62.592000
5.947590 62.592000
5.949222 62.592000
5.950854 62.592000
5.952486 62.592000
5.954118 62.592000
5.955750 62.592000
5.956982 63.392000
5.958614 63.392000
5.959030 64.224000
5.975232 62.592000
5.978048 62.592000
5.979840 62.592000
5.981638 62.592000
5.983670 63.392000
5.985302 63.392000
5.986934 63.392000
5.988566 63.392000
5.990198 63.392000
5.991830 63.392000
5.993862 62.592000
5.995494 62.592000
5.997126 62.592000
5.998758 62.592000
6.000390 62.592000
6.002022 62.592000
6.003654 62.592000
6.005286 62.592000
6.006918 62.592000
6.008550 62.592000
6.010182 62.592000
6.011814 62.592000
6.013446 62.592000
6.015078 62.592000
6.016710 62.592000
6.018342 62.592000
6.019974 62.592000
6.021606 62.592000
6.022838 63.392000
6.023654 65.024000
6.038144 63.232000
6.040640 62.592000
6.042432 62.592000
6.044547 63.226000
6.046662 62.592000
6.048294 62.592000
6.049926 62.592000
6.051558 62.592000
6.053190 62.592000
6.054822 62.592000
6.056454 62.592000
6.058086 62.592000
6.059718 62.592000
6.061350 62.592000
6.062982 62.592000
6.064614 62.592000
6.066246 62.592000
6.067878 62.592000
6.069510 62.592000
6.071142 62.592000
6.072774 62.592000
6.074406 62.592000
6.076038 62.592000
6.078070 63.392000
6.079702 63.392000
6.081334 63.392000
6.082966 63.392000
6.084598 63.392000
6.086230 63.392000
6.087862 63.392000
6.101056 62.592000
6.101872 64.224000
6.103376 62.880000
6.105488 63.520000
6.107520 62.720000
6.109254 62.592000
6.110886 62.592000
6.112518 62.592000
6.114150 62.592000
6.115782 62.592000
6.117414 62.592000
6.119046 62.592000
6.120678 62.592000
6.122310 62.592000
6.123942 62.592000
6.125574 62.592000
6.127206 62.592000
6.128838 62.592000
6.130870 63.392000
6.132502 63.392000
6.134134 63.392000
6.135766 63.392000
6.137398 63.392000
6.139030 63.392000
6.141062 62.592000
6.142694 62.592000
6.144326 62.592000
6.145958 62.592000
6.147590 62.592000
6.149222 62.592000
6.150854 62.592000
6.163648 62.592000
6.165280 62.592000
6.166096 64.224000
6.166928 64.224000
6.168960 63.424000
6.170592 63.424000
6.172243 63.386000
6.173875 63.386000
6.175507 63.386000
6.177139 63.386000
6.178771 63.386000
6.180403 63.386000
6.182035 63.386000
6.184067 64.186000
6.185699 64.186000
6.187331 64.186000
6.188963 64.186000
6.190595 64.186000
6.192227 64.186000
6.194259 63.386000
6.195891 63.386000
6.197523 63.386000
6.199155 63.386000
6.200787 63.386000
6.202419 63.386000
6.204051 63.386000
6.205683 63.386000
6.207315 63.386000
6.208947 63.386000
6.210579 63.386000
6.212211 63.386000
6.213843 63.386000
6.226240 62.592000
6.227872 62.592000
6.229504 62.592000
6.230736 63.392000
6.231152 64.224000
6.232784 64.224000
6.234416 64.224000
6.236048 64.224000
6.237680 64.224000
6.239312 64.224000
6.240944 64.224000
6.242576 64.224000
6.244208 64.224000
6.245840 64.224000
6.248272 64.224000
6.249904 64.224000
6.251536 64.224000
6.253168 64.224000
6.254800 64.224000
6.256432 64.224000
6.258064 64.224000
6.259696 64.224000
6.261328 64.224000
6.262960 64.224000
6.264592 64.224000
6.266224 64.224000
6.267856 64.224000
6.269488 64.224000
6.271120 64.224000
6.272752 64.224000
6.274384 64.224000
6.276016 64.224000
6.277648 64.224000
6.288832 62.592000
6.290864 63.392000
6.292496 63.392000
6.294128 63.392000
6.294960 63.392000
6.295776 65.024000
6.297008 64.224000
6.298640 64.224000
6.300272 64.224000
6.301904 64.224000
6.303536 64.224000
6.305168 64.224000
6.306800 64.224000
6.308432 64.224000
6.310064 64.224000
6.312496 64.224000
6.314128 64.224000
6.315760 64.224000
6.317392 64.224000
6.319024 64.224000
6.320656 64.224000
6.322288 64.224000
6.323920 64.224000
6.325552 64.224000
6.327184 64.224000
6.328816 64.224000
6.330448 64.224000
6.332080 64.224000
6.333712 64.224000
6.335344 64.224000
6.336976 64.224000
6.338608 64.224000
6.340240 64.224000
6.341872 64.224000
6.351744 63.232000
6.353856 62.592000
6.355488 62.592000
6.357120 62.592000
6.358352 63.392000
6.359984 63.392000
6.360816 63.392000
6.361632 65.024000
6.362864 64.224000
6.364496 64.224000
6.366128 64.224000
6.367760 64.224000
6.369392 64.224000
6.371024 64.224000
6.372656 64.224000
6.374288 64.224000
6.376720 64.224000
6.378352 64.224000
6.379984 64.224000
6.381616 64.224000
6.383248 64.224000
6.384880 64.224000
6.386512 64.224000
6.388144 64.224000
6.389776 64.224000
6.391408 64.224000
6.393040 64.224000
6.394672 64.224000
6.396304 64.224000
6.397936 64.224000
6.399568 64.224000
6.401200 64.224000
6.402832 64.224000
6.404464 64.224000
6.406096 64.224000
6.414656 62.592000
6.416448 62.592000
6.418080 62.592000
6.419712 62.592000
6.421344 62.592000
6.422976 62.592000
6.424208 63.392000
6.425840 63.392000
6.426256 64.224000
6.427488 65.024000
6.428720 64.224000
6.430352 64.224000
6.431984 64.224000
6.433616 64.224000
6.435248 64.224000
6.437280 65.024000
6.438912 65.024000
6.440944 64.224000
6.442576 64.224000
6.444208 64.224000
6.445840 64.224000
6.447472 64.224000
6.449104 64.224000
6.450736 64.224000
6.452368 64.224000
6.454000 64.224000
6.455632 64.224000
6.457264 64.224000
6.458896 64.224000
6.460528 64.224000
6.462160 64.224000
6.463792 64.224000
6.465424 64.224000
6.467056 64.224000
6.468688 64.224000
6.470320 64.224000
6.477248 62.592000
6.479040 62.592000
6.480672 62.592000
6.482304 62.592000
6.483936 62.592000
6.485568 62.592000
6.487200 62.592000
6.488832 62.592000
6.490064 63.392000
6.491696 63.392000
6.492512 65.024000
6.493344 65.024000
6.494976 65.024000
6.496608 65.024000
6.498240 65.024000
6.499872 65.024000
6.501904 64.224000
6.503536 64.224000
6.505168 64.224000
6.506800 64.224000
6.508432 64.224000
6.510064 64.224000
6.511696 64.224000
6.513328 64.224000
6.514960 64.224000
6.516592 64.224000
6.518224 64.224000
6.519856 64.224000
6.521488 64.224000
6.523120 64.224000
6.524752 64.224000
6.526384 64.224000
6.528016 64.224000
6.529648 64.224000
6.531680 65.024000
6.533312 65.024000
6.534944 65.024000
6.539840 62.592000
6.541632 62.592000
6.543664 63.392000
6.545296 63.392000
6.546928 63.392000
6.548560 63.392000
6.550192 63.392000
6.551824 63.392000
6.553456 63.392000
6.555088 63.392000
6.556720 63.392000
6.557136 64.224000
6.558368 65.024000
6.559600 64.224000
6.561232 64.224000
6.562864 64.224000
6.564496 64.224000
6.566128 64.224000
6.567760 64.224000
6.569392 64.224000
6.571024 64.224000
6.572656 64.224000
6.574288 64.224000
6.575920 64.224000
6.577552 64.224000
6.579184 64.224000
6.580816 64.224000
6.582448 64.224000
6.584480 65.024000
6.586112 65.024000
6.587744 65.024000
6.589376 65.024000
6.591008 65.024000
6.592640 65.024000
6.594272 65.024000
6.596304 64.224000
6.597936 64.224000
6.599568 64.224000
6.602624 62.976000
6.604736 63.616000
6.606768 62.816000
6.608400 62.816000
6.610032 62.816000
6.611664 62.816000
6.613296 62.816000
6.614928 62.816000
6.616560 62.816000
6.618192 62.816000
6.619824 62.816000
6.621056 63.616000
6.622688 63.616000
6.623104 64.448000
6.624336 65.248000
6.625568 64.448000
6.627200 64.448000
6.628832 64.448000
6.630464 64.448000
6.632096 64.448000
6.633728 64.448000
6.635360 64.448000
6.637392 65.248000
6.639024 65.248000
6.640656 65.248000
6.642288 65.248000
6.643920 65.248000
6.645552 65.248000
6.647184 65.248000
6.649216 64.448000
6.650848 64.448000
6.652480 64.448000
6.654112 64.448000
6.655744 64.448000
6.657376 64.448000
6.659008 64.448000
6.660640 64.448000
6.662272 64.448000
6.663904 64.448000
6.666336 64.448000
6.668368 63.648000
6.670000 63.648000
6.671632 63.648000
6.673264 63.648000
6.674896 63.648000
6.676528 63.648000
6.678160 63.648000
6.680192 64.448000
6.681824 64.448000
6.683456 64.448000
6.685088 64.448000
6.686720 64.448000
6.687552 64.448000
6.688368 66.080000
6.689600 65.280000
6.690832 66.080000
6.692464 66.080000
6.694096 66.080000
6.695728 66.080000
6.697360 66.080000
6.698992 66.080000
6.700624 66.080000
6.702656 65.280000
6.704288 65.280000
6.705920 65.280000
6.707552 65.280000
6.709184 65.280000
6.710816 65.280000
6.712448 65.280000
6.714080 65.280000
6.715712 65.280000
6.717344 65.280000
6.718976 65.280000
6.721008 66.080000
6.722640 66.080000
6.724272 66.080000
6.725904 66.080000
6.727536 66.080000
6.729168 66.080000
6.731200 65.280000
6.732832 65.280000
6.734464 65.280000
6.736096 65.280000
6.737728 65.280000
6.739360 65.280000
6.740992 65.280000
6.742624 65.280000
6.745056 65.280000
6.746688 65.280000
6.748320 65.280000
6.749952 65.280000
6.751584 65.280000
6.752416 65.280000
6.754048 65.280000
6.755280 66.080000
6.755696 66.912000
6.757328 66.912000
6.758960 66.912000
6.760592 66.912000
6.762224 66.912000
6.763856 66.912000
6.765488 66.912000
6.767120 66.912000
6.768752 66.912000
6.770384 66.912000
6.772016 66.912000
6.773648 66.912000
6.775280 66.912000
6.776912 66.912000
6.778544 66.912000
6.780176 66.912000
6.781808 66.912000
6.783440 66.912000
6.785072 66.912000
6.787504 66.912000
6.789136 66.912000
6.790768 66.912000
6.792400 66.912000
6.794032 66.912000
6.795664 66.912000
6.797296 66.912000
6.798928 66.912000
6.800560 66.912000
6.802192 66.912000
6.803824 66.912000
6.805456 66.912000
6.807088 66.912000
6.808720 66.912000
6.811152 66.912000
6.812784 66.912000
6.814416 66.912000
6.816048 66.912000
6.817680 66.912000
6.818512 66.912000
6.820144 66.912000
6.821776 66.912000
6.823008 67.712000
6.823424 68.544000
6.825056 68.544000
6.826688 68.544000
6.828320 68.544000
6.829952 68.544000
6.831584 68.544000
6.833216 68.544000
6.834848 68.544000
6.836480 68.544000
6.838112 68.544000
6.839744 68.544000
6.841376 68.544000
6.843008 68.544000
6.844640 68.544000
6.846272 68.544000
6.847904 68.544000
6.849536 68.544000
6.851168 68.544000
6.852800 68.544000
6.855232 68.544000
6.856864 68.544000
6.858496 68.544000
6.860128 68.544000
6.861760 68.544000
6.863392 68.544000
6.865024 68.544000
6.866656 68.544000
6.868288 68.544000
6.869920 68.544000
6.871552 68.544000
6.873184 68.544000
6.874816 68.544000
6.876448 68.544000
6.878480 67.744000
6.880112 67.744000
6.881744 67.744000
6.883376 67.744000
6.885008 67.744000
6.886240 68.544000
6.887872 68.544000
6.889504 68.544000
6.927043 140.358000
6.929081 139.507000
6.979565 101.747000
7.000774 62.592000
7.002406 62.592000
7.004038 62.592000
7.006070 63.392000
7.007702 63.392000
7.009334 63.392000
7.010966 63.392000
7.012598 63.392000
7.014230 63.392000
7.015862 63.392000
7.017494 63.392000
7.019126 63.392000
7.020758 63.392000
7.022390 63.392000
7.024022 63.392000
7.025654 63.392000
7.027286 63.392000
7.028918 63.392000
7.030540 63.411000
7.030957 64.243000
7.061734 62.592000
7.063366 62.592000
7.063782 63.424000
7.065014 62.624000
7.066630 62.592000
7.069062 62.592000
7.070694 62.592000
7.072326 62.592000
7.073958 62.592000
7.075590 62.592000
7.077222 62.592000
7.078854 62.592000
7.080486 62.592000
7.082118 62.592000
7.083750 62.592000
7.085382 62.592000
7.087014 62.592000
7.088646 62.592000
7.090278 62.592000
7.091910 62.592000
7.093542 62.592000
7.094374 62.592000
7.124326 62.592000
7.125958 62.592000
7.126790 62.592000
7.127622 62.592000
7.128038 63.424000
7.129254 62.656000
7.131654 62.592000
7.133286 62.592000
7.134918 62.592000
7.136550 62.592000
7.138182 62.592000
7.139814 62.592000
7.141446 62.592000
7.143078 62.592000
7.144710 62.592000
7.146342 62.592000
7.147974 62.592000
7.149606 62.592000
7.151238 62.592000
7.152870 62.592000
7.154502 62.592000
7.156134 62.592000
7.156966 62.592000
7.186918 62.592000
7.188550 62.592000
7.189382 62.592000
7.190214 62.592000
7.191046 62.592000
7.191462 63.424000
7.192294 63.424000
7.194246 62.592000
7.195878 62.592000
7.197510 62.592000
7.199142 62.592000
7.200774 62.592000
7.202406 62.592000
7.204038 62.592000
7.205670 62.592000
7.207302 62.592000
7.208934 62.592000
7.210566 62.592000
7.212198 62.592000
7.213830 62.592000
7.215462 62.592000
7.217094 62.592000
7.218726 62.592000
7.219558 62.592000
7.249510 62.592000
7.251142 62.592000
7.251974 62.592000
7.252806 62.592000
7.253638 62.592000
7.254470 62.592000
7.255302 62.592000
7.255718 63.424000
7.256902 62.720000
7.258470 62.592000
7.260102 62.592000
7.261734 62.592000
7.263366 62.592000
7.264998 62.592000
7.266630 62.592000
7.268262 62.592000
7.269894 62.592000
7.271526 62.592000
7.273158 62.592000
7.274790 62.592000
7.276422 62.592000
7.278054 62.592000
7.279686 62.592000
7.281318 62.592000
7.282150 62.592000
7.312102 62.592000
7.313734 62.592000
7.314566 62.592000
7.315398 62.592000
7.316230 62.592000
7.317062 62.592000
7.317894 62.592000
7.318726 62.592000
7.319142 63.424000
7.319974 63.424000
7.321142 62.752000
7.322694 62.592000
7.324326 62.592000
7.325958 62.592000
7.327590 62.592000
7.329222 62.592000
7.330854 62.592000
7.332486 62.592000
7.334118 62.592000
7.335750 62.592000
7.337382 62.592000
7.339014 62.592000
7.340646 62.592000
7.342278 62.592000
7.343910 62.592000
7.344742 62.592000
7.374694 62.592000
7.376326 62.592000
7.377158 62.592000
7.377990 62.592000
7.378822 62.592000
7.379654 62.592000
7.380486 62.592000
7.381318 62.592000
7.382150 62.592000
7.382982 62.592000
7.383398 63.424000
7.384230 63.424000
7.385382 62.784000
7.386918 62.592000
7.388550 62.592000
7.390182 62.592000
7.391814 62.592000
7.393446 62.592000
7.395078 62.592000
7.396710 62.592000
7.398342 62.592000
7.399974 62.592000
7.401606 62.592000
7.403238 62.592000
7.404870 62.592000
7.406502 62.592000
7.407334 62.592000
7.437286 62.592000
7.438918 62.592000
7.439750 62.592000
7.440582 62.592000
7.441414 62.592000
7.442246 62.592000
7.443078 62.592000
7.443910 62.592000
7.444742 62.592000
7.445574 62.592000
7.446406 62.592000
7.446822 63.424000
7.447654 63.424000
7.448486 63.424000
7.449622 62.816000
7.451142 62.592000
7.452774 62.592000
7.454406 62.592000
7.456038 62.592000
7.457670 62.592000
7.459302 62.592000
7.460934 62.592000
7.462566 62.592000
7.464198 62.592000
7.465830 62.592000
7.467462 62.592000
7.469094 62.592000
7.469926 62.592000
7.499878 62.592000
7.501510 62.592000
7.502342 62.592000
7.503174 62.592000
7.504006 62.592000
7.504838 62.592000
7.505670 62.592000
7.506502 62.592000
7.507334 62.592000
7.508166 62.592000
7.508998 62.592000
7.509830 62.592000
7.510662 62.592000
7.511078 63.424000
7.511910 63.424000
7.512742 63.424000
7.513862 62.848000
7.515366 62.592000
7.516998 62.592000
7.518630 62.592000
7.520262 62.592000
7.521894 62.592000
7.523526 62.592000
7.525158 62.592000
7.526790 62.592000
7.528422 62.592000
7.530054 62.592000
7.531686 62.592000
7.532518 62.592000
7.562470 62.592000
7.564102 62.592000
7.564934 62.592000
7.565766 62.592000
7.566598 62.592000
7.567430 62.592000
7.568262 62.592000
7.569094 62.592000
7.569926 62.592000
7.570758 62.592000
7.571590 62.592000
7.572422 62.592000
7.573254 62.592000
7.574086 62.592000
7.574502 63.424000
7.575334 63.424000
7.576166 63.424000
7.576998 63.424000
7.578102 62.880000
7.579590 62.592000
7.581222 62.592000
7.582854 62.592000
7.584486 62.592000
7.586118 62.592000
7.587750 62.592000
7.589382 62.592000
7.591014 62.592000
7.592646 62.592000
7.594278 62.592000
7.595110 62.592000
7.625062 62.592000
7.626694 62.592000
7.627526 62.592000
7.628358 62.592000
7.629190 62.592000
7.630022 62.592000
7.630854 62.592000
7.631686 62.592000
7.632518 62.592000
7.633350 62.592000
7.634182 62.592000
7.635014 62.592000
7.635846 62.592000
7.636678 62.592000
7.637510 62.592000
7.637926 63.424000
7.638758 63.424000
7.639590 63.424000
7.640422 63.424000
7.641254 63.424000
7.642342 62.912000
7.643814 62.592000
7.645446 62.592000
7.647078 62.592000
7.648710 62.592000
7.650342 62.592000
7.651974 62.592000
7.653606 62.592000
7.655238 62.592000
7.656870 62.592000
7.657702 62.592000
7.687654 62.592000
7.689286 62.592000
7.690118 62.592000
7.690950 62.592000
7.691782 62.592000
7.692614 62.592000
7.693446 62.592000
7.694278 62.592000
7.695110 62.592000
7.695942 62.592000
7.696774 62.592000
7.697606 62.592000
7.698438 62.592000
7.699270 62.592000
7.700102 62.592000
7.700934 62.592000
7.701766 62.592000
7.702182 63.424000
7.703014 63.424000
7.703846 63.424000
7.704678 63.424000
7.705510 63.424000
7.706582 62.944000
7.708038 62.592000
7.709670 62.592000
7.711302 62.592000
7.712934 62.592000
7.714566 62.592000
7.716198 62.592000
7.717830 62.592000
7.719462 62.592000
7.720294 62.592000
7.750246 62.592000
7.751878 62.592000
7.752710 62.592000
7.753542 62.592000
7.754374 62.592000
7.755206 62.592000
7.756038 62.592000
7.756870 62.592000
7.757702 62.592000
7.758534 62.592000
7.759366 62.592000
7.760198 62.592000
7.761030 62.592000
7.761862 62.592000
7.762694 62.592000
7.763526 62.592000
7.764358 62.592000
7.765190 62.592000
7.765606 63.424000
7.766438 63.424000
7.767270 63.424000
7.768102 63.424000
7.768934 63.424000
7.769766 63.424000
7.770822 62.976000
7.772262 62.592000
7.773894 62.592000
7.775526 62.592000
7.777158 62.592000
7.778790 62.592000
7.780422 62.592000
7.782054 62.592000
7.782886 62.592000
7.812838 62.592000
7.814470 62.592000
7.815302 62.592000
7.816134 62.592000
7.816966 62.592000
7.817798 62.592000
7.818630 62.592000
7.819462 62.592000
7.820294 62.592000
7.821126 62.592000
7.821958 62.592000
7.822790 62.592000
7.823622 62.592000
7.824454 62.592000
7.825286 62.592000
7.826118 62.592000
7.826950 62.592000
7.827782 62.592000
7.828614 62.592000
7.829446 62.592000
7.829862 63.424000
7.830694 63.424000
7.831526 63.424000
7.832358 63.424000
7.833190 63.424000
7.834022 63.424000
7.835062 63.008000
7.836486 62.592000
7.838118 62.592000
7.839750 62.592000
7.841382 62.592000
7.843014 62.592000
7.844646 62.592000
7.845478 62.592000
7.875430 62.592000
7.877062 62.592000
7.877894 62.592000
7.878726 62.592000
7.879558 62.592000
7.880390 62.592000
7.881222 62.592000
7.882054 62.592000
7.882886 62.592000
7.883718 62.592000
7.884550 62.592000
7.885382 62.592000
7.886214 62.592000
7.887046 62.592000
7.887878 62.592000
7.888710 62.592000
7.889542 62.592000
7.890374 62.592000
7.891206 62.592000
7.892038 62.592000
7.892870 62.592000
7.893286 63.424000
7.894118 63.424000
7.894950 63.424000
7.895782 63.424000
7.896614 63.424000
7.897446 63.424000
7.898278 63.424000
7.899302 63.040000
7.900710 62.592000
7.902342 62.592000
7.903974 62.592000
7.905606 62.592000
7.907238 62.592000
7.908070 62.592000
7.938022 62.592000
7.939654 62.592000
7.940486 62.592000
7.941318 62.592000
7.942150 62.592000
7.942982 62.592000
7.943814 62.592000
7.944646 62.592000
7.945478 62.592000
7.946310 62.592000
7.947142 62.592000
7.947974 62.592000
7.948806 62.592000
7.949638 62.592000
7.950470 62.592000
7.951302 62.592000
7.952134 62.592000
7.952966 62.592000
7.953798 62.592000
7.954630 62.592000
7.955462 62.592000
7.956294 62.592000
7.957126 62.592000
7.957542 63.424000
7.958374 63.424000
7.959206 63.424000
7.960038 63.424000
7.960870 63.424000
7.961702 63.424000
7.962534 63.424000
7.963542 63.072000
7.964934 62.592000
7.966566 62.592000
7.968198 62.592000
7.969830 62.592000
7.970662 62.592000
8.000614 62.592000
8.002246 62.592000
8.003078 62.592000
8.003910 62.592000
8.004742 62.592000
8.005574 62.592000
8.006406 62.592000
8.007238 62.592000
8.008070 62.592000
8.008902 62.592000
8.009734 62.592000
8.010566 62.592000
8.011398 62.592000
8.012230 62.592000
8.013062 62.592000
8.013894 62.592000
8.014726 62.592000
8.015558 62.592000
8.016390 62.592000
8.017222 62.592000
8.018054 62.592000
8.018886 62.592000
8.019718 62.592000
8.020550 62.592000
8.020966 63.424000
8.021798 63.424000
8.022630 63.424000
8.023462 63.424000
8.024294 63.424000
8.025126 63.424000
8.025958 63.424000
8.026790 63.424000
8.027782 63.104000
8.029158 62.592000
8.030790 62.592000
8.032422 62.592000
8.033254 62.592000
8.063206 62.592000
8.064838 62.592000
8.065670 62.592000
8.066502 62.592000
8.067334 62.592000
8.068166 62.592000
8.068998 62.592000
8.069830 62.592000
8.070662 62.592000
8.071494 62.592000
8.072326 62.592000
8.073158 62.592000
8.073990 62.592000
8.074822 62.592000
8.075654 62.592000
8.076486 62.592000
8.077318 62.592000
8.078150 62.592000
8.078982 62.592000
8.079814 62.592000
8.080646 62.592000
8.081478 62.592000
8.082310 62.592000
8.083142 62.592000
8.083974 62.592000
8.084806 62.592000
8.085222 63.424000
8.086054 63.424000
8.086886 63.424000
8.087718 63.424000
8.088550 63.424000
8.089382 63.424000
8.090214 63.424000
8.091046 63.424000
8.092022 63.136000
8.093382 62.592000
8.095014 62.592000
8.095846 62.592000
8.125798 62.592000
8.127430 62.592000
8.128262 62.592000
8.129094 62.592000
8.129926 62.592000
8.130758 62.592000
8.131590 62.592000
8.132422 62.592000
8.133254 62.592000
8.134086 62.592000
8.134918 62.592000
8.135750 62.592000
8.136582 62.592000
8.137414 62.592000
8.138246 62.592000
8.139078 62.592000
8.139910 62.592000
8.140742 62.592000
8.141574 62.592000
8.142406 62.592000
8.143238 62.592000
8.144070 62.592000
8.144902 62.592000
8.145734 62.592000
8.146566 62.592000
8.147398 62.592000
8.148230 62.592000
8.148646 63.424000
8.149478 63.424000
8.150310 63.424000
8.151142 63.424000
8.151974 63.424000
8.152806 63.424000
8.153638 63.424000
8.154470 63.424000
8.155302 63.424000
8.156262 63.168000
8.157606 62.592000
8.158438 62.592000
8.188390 62.592000
8.190022 62.592000
8.190854 62.592000
8.191686 62.592000
8.192518 62.592000
8.193350 62.592000
8.194182 62.592000
8.195014 62.592000
8.195846 62.592000
8.196678 62.592000
8.197510 62.592000
8.198342 62.592000
8.199174 62.592000
8.200006 62.592000
8.200838 62.592000
8.201670 62.592000
8.202502 62.592000
8.203334 62.592000
8.204166 62.592000
8.204998 62.592000
8.205830 62.592000
8.206662 62.592000
8.207494 62.592000
8.208326 62.592000
8.209158 62.592000
8.209990 62.592000
8.210822 62.592000
8.211654 62.592000
8.212486 62.592000
8.212902 63.424000
8.213734 63.424000
8.214566 63.424000
8.215398 63.424000
8.216230 63.424000
8.217062 63.424000
8.217894 63.424000
8.218726 63.424000
8.219558 63.424000
8.220502 63.200000
8.221334 63.200000
8.250982 62.592000
8.252614 62.592000
8.253446 62.592000
8.254278 62.592000
8.255110 62.592000
8.255942 62.592000
8.256774 62.592000
8.257606 62.592000
8.258438 62.592000
8.259270 62.592000
8.260102 62.592000
8.260934 62.592000
8.261766 62.592000
8.262598 62.592000
8.263430 62.592000
8.264262 62.592000
8.265094 62.592000
8.265926 62.592000
8.266758 62.592000
8.267590 62.592000
8.268422 62.592000
8.269254 62.592000
8.270086 62.592000
8.270918 62.592000
8.271750 62.592000
8.272582 62.592000
8.273414 62.592000
8.274246 62.592000
8.275078 62.592000
8.275910 62.592000
8.276326 63.424000
8.277158 63.424000
8.277990 63.424000
8.278822 63.424000
8.279654 63.424000
8.280486 63.424000
8.281318 63.424000
8.282150 63.424000
8.282982 63.424000
8.283814 63.424000
8.284646 63.424000
8.313574 62.592000
8.315206 62.592000
8.316038 62.592000
8.316870 62.592000
8.317702 62.592000
8.318534 62.592000
8.319366 62.592000
8.320198 62.592000
8.321030 62.592000
8.321862 62.592000
8.322694 62.592000
8.323526 62.592000
8.324358 62.592000
8.325190 62.592000
8.326022 62.592000
8.326854 62.592000
8.327686 62.592000
8.328518 62.592000
8.329350 62.592000
8.330182 62.592000
8.331014 62.592000
8.331846 62.592000
8.332678 62.592000
8.333510 62.592000
8.334342 62.592000
8.335174 62.592000
8.336006 62.592000
8.336838 62.592000
8.337670 62.592000
8.338502 62.592000
8.339334 62.592000
8.340166 62.592000
8.340582 63.424000
8.341414 63.424000
8.342246 63.424000
8.343078 63.424000
8.343910 63.424000
8.344742 63.424000
8.345574 63.424000
8.346406 63.424000
8.347238 63.424000
8.348070 63.424000
8.376166 62.592000
8.377798 62.592000
8.378630 62.592000
8.379462 62.592000
8.380294 62.592000
8.381126 62.592000
8.381958 62.592000
8.382790 62.592000
8.383622 62.592000
8.384454 62.592000
8.385286 62.592000
8.386118 62.592000
8.386950 62.592000
8.387782 62.592000
8.388614 62.592000
8.389446 62.592000
8.390278 62.592000
8.391110 62.592000
8.391942 62.592000
8.392774 62.592000
8.393606 62.592000
8.394438 62.592000
8.395270 62.592000
8.396102 62.592000
8.396934 62.592000
8.397766 62.592000
8.398598 62.592000
8.399430 62.592000
8.400262 62.592000
8.401094 62.592000
8.401926 62.592000
8.402758 62.592000
8.403590 62.592000
8.404006 63.424000
8.404838 63.424000
8.405670 63.424000
8.406502 63.424000
8.407334 63.424000
8.408166 63.424000
8.408998 63.424000
8.409830 63.424000
8.410662 63.424000
8.411494 63.424000
8.438758 62.592000
8.440390 62.592000
8.441222 62.592000
8.442054 62.592000
8.442886 62.592000
8.443718 62.592000
8.444550 62.592000
8.445382 62.592000
8.446214 62.592000
8.447046 62.592000
8.447878 62.592000
8.448710 62.592000
8.449542 62.592000
8.450374 62.592000
8.451206 62.592000
8.452038 62.592000
8.452870 62.592000
8.453702 62.592000
8.454534 62.592000
8.455366 62.592000
8.456198 62.592000
8.457030 62.592000
8.457862 62.592000
8.458694 62.592000
8.459526 62.592000
8.460358 62.592000
8.461190 62.592000
8.462022 62.592000
8.462854 62.592000
8.463686 62.592000
8.464518 62.592000
8.465350 62.592000
8.466182 62.592000
8.467014 62.592000
8.467846 62.592000
8.468262 63.424000
8.469094 63.424000
8.469926 63.424000
8.470758 63.424000
8.471590 63.424000
8.472422 63.424000
8.473254 63.424000
8.474086 63.424000
8.474918 63.424000
8.501350 62.592000
8.502982 62.592000
8.503814 62.592000
8.504646 62.592000
8.505478 62.592000
8.506310 62.592000
8.507142 62.592000
8.507974 62.592000
8.508806 62.592000
8.509638 62.592000
8.510470 62.592000
8.511302 62.592000
8.512134 62.592000
8.512966 62.592000
8.513798 62.592000
8.514630 62.592000
8.515462 62.592000
8.516294 62.592000
8.517126 62.592000
8.517958 62.592000
8.518790 62.592000
8.519622 62.592000
8.520454 62.592000
8.521286 62.592000
8.522118 62.592000
8.522950 62.592000
8.523782 62.592000
8.524614 62.592000
8.525446 62.592000
8.526278 62.592000
8.527110 62.592000
8.527942 62.592000
8.528774 62.592000
8.529606 62.592000
8.530438 62.592000
8.531270 62.592000
8.531686 63.424000
8.532518 63.424000
8.533350 63.424000
8.534182 63.424000
8.535014 63.424000
8.535846 63.424000
8.536678 63.424000
8.537510 63.424000
8.538342 63.424000
8.563942 62.592000
8.565574 62.592000
8.566406 62.592000
8.567238 62.592000
8.568070 62.592000
8.568902 62.592000
8.569734 62.592000
8.570566 62.592000
8.571398 62.592000
8.572230 62.592000
8.573062 62.592000
8.573894 62.592000
8.574726 62.592000
8.575558 62.592000
8.576390 62.592000
8.577222 62.592000
8.578054 62.592000
8.578886 62.592000
8.579718 62.592000
8.580550 62.592000
8.581382 62.592000
8.582214 62.592000
8.583046 62.592000
8.583878 62.592000
8.584710 62.592000
8.585542 62.592000
8.586374 62.592000
8.587206 62.592000
8.588038 62.592000
8.588870 62.592000
8.589702 62.592000
8.590534 62.592000
8.591366 62.592000
8.592198 62.592000
8.593030 62.592000
8.593862 62.592000
8.594694 62.592000
8.595526 62.592000
8.595942 63.424000
8.596774 63.424000
8.597606 63.424000
8.598438 63.424000
8.599270 63.424000
8.600102 63.424000
8.600934 63.424000
8.601766 63.424000
8.626534 62.592000
8.628166 62.592000
8.628998 62.592000
8.629830 62.592000
8.630662 62.592000
8.631494 62.592000
8.632326 62.592000
8.633158 62.592000
8.633990 62.592000
8.634822 62.592000
8.635654 62.592000
8.636486 62.592000
8.637318 62.592000
8.638150 62.592000
8.638982 62.592000
8.639814 62.592000
8.640646 62.592000
8.641478 62.592000
8.642310 62.592000
8.643142 62.592000
8.643974 62.592000
8.644806 62.592000
8.645638 62.592000
8.646470 62.592000
8.647302 62.592000
8.648134 62.592000
8.648966 62.592000
8.649798 62.592000
8.650630 62.592000
8.651462 62.592000
8.652294 62.592000
8.653126 62.592000
8.653958 62.592000
8.654790 62.592000
8.655622 62.592000
8.656454 62.592000
8.657286 62.592000
8.658118 62.592000
8.658950 62.592000
8.659366 63.424000
8.660198 63.424000
8.661030 63.424000
8.661862 63.424000
8.662694 63.424000
8.663526 63.424000
8.664358 63.424000
8.665190 63.424000
8.689126 62.592000
8.690758 62.592000
8.691590 62.592000
8.692422 62.592000
8.693254 62.592000
8.694086 62.592000
8.694918 62.592000
8.695750 62.592000
8.696582 62.592000
8.697414 62.592000
8.698246 62.592000
8.699078 62.592000
8.699910 62.592000
8.700742 62.592000
8.701574 62.592000
8.702406 62.592000
8.703238 62.592000
8.704070 62.592000
8.704902 62.592000
8.705734 62.592000
8.706566 62.592000
8.707398 62.592000
8.708230 62.592000
8.709062 62.592000
8.709894 62.592000
8.710726 62.592000
8.711558 62.592000
8.712390 62.592000
8.713222 62.592000
8.714054 62.592000
8.714886 62.592000
8.715718 62.592000
8.716550 62.592000
8.717382 62.592000
8.718214 62.592000
8.719046 62.592000
8.719878 62.592000
8.720710 62.592000
8.721542 62.592000
8.722374 62.592000
8.723206 62.592000
8.723622 63.424000
8.724454 63.424000
8.725286 63.424000
8.726118 63.424000
8.726950 63.424000
8.727782 63.424000
8.728614 63.424000
8.751718 62.592000
8.753350 62.592000
8.754182 62.592000
8.755014 62.592000
8.755846 62.592000
8.756678 62.592000
8.757510 62.592000
8.758342 62.592000
8.759174 62.592000
8.760006 62.592000
8.760838 62.592000
8.761670 62.592000
8.762502 62.592000
8.763334 62.592000
8.764166 62.592000
8.764998 62.592000
8.765830 62.592000
8.766662 62.592000
8.767494 62.592000
8.768326 62.592000
8.769158 62.592000
8.769990 62.592000
8.770822 62.592000
8.771654 62.592000
8.772486 62.592000
8.773318 62.592000
8.774150 62.592000
8.774982 62.592000
8.775814 62.592000
8.776646 62.592000
8.777478 62.592000
8.778310 62.592000
8.779142 62.592000
8.779974 62.592000
8.780806 62.592000
8.781638 62.592000
8.782470 62.592000
8.783302 62.592000
8.784134 62.592000
8.784966 62.592000
8.785798 62.592000
8.786630 62.592000
8.787046 63.424000
8.787878 63.424000
8.788710 63.424000
8.789542 63.424000
8.790374 63.424000
8.791206 63.424000
8.792038 63.424000
8.814310 62.592000
8.815942 62.592000
8.816774 62.592000
8.817606 62.592000
8.818438 62.592000
8.819270 62.592000
8.820102 62.592000
8.820934 62.592000
8.821766 62.592000
8.822598 62.592000
8.823430 62.592000
8.824262 62.592000
8.825094 62.592000
8.825926 62.592000
8.826758 62.592000
8.827590 62.592000
8.828422 62.592000
8.829254 62.592000
8.830086 62.592000
8.830918 62.592000
8.831750 62.592000
8.832582 62.592000
8.833414 62.592000
8.834246 62.592000
8.835078 62.592000
8.835910 62.592000
8.836742 62.592000
8.837574 62.592000
8.838406 62.592000
8.839238 62.592000
8.840070 62.592000
8.840902 62.592000
8.841734 62.592000
8.842566 62.592000
8.843398 62.592000
8.844230 62.592000
8.845062 62.592000
8.845894 62.592000
8.846726 62.592000
8.847558 62.592000
8.848390 62.592000
8.849222 62.592000
8.850054 62.592000
8.850886 62.592000
8.851302 63.424000
8.852134 63.424000
8.852966 63.424000
8.853798 63.424000
8.854630 63.424000
8.855462 63.424000
8.876902 62.592000
8.878534 62.592000
8.879366 62.592000
8.880198 62.592000
8.881030 62.592000
8.881862 62.592000
8.882694 62.592000
8.883526 62.592000
8.884358 62.592000
8.885190 62.592000
8.886022 62.592000
8.886854 62.592000
8.887686 62.592000
8.888518 62.592000
8.889350 62.592000
8.890182 62.592000
8.891014 62.592000
8.891846 62.592000
8.892678 62.592000
8.893510 62.592000
8.894342 62.592000
8.895174 62.592000
8.896006 62.592000
8.896838 62.592000
8.897670 62.592000
8.898502 62.592000
8.899334 62.592000
8.900166 62.592000
8.900998 62.592000
8.901830 62.592000
8.902662 62.592000
8.903494 62.592000
8.904326 62.592000
8.905158 62.592000
8.905990 62.592000
8.906822 62.592000
8.907654 62.592000
8.908486 62.592000
8.909318 62.592000
8.910150 62.592000
8.910982 62.592000
8.911814 62.592000
8.912646 62.592000
8.913478 62.592000
8.914310 62.592000
8.914726 63.424000
8.915558 63.424000
8.916390 63.424000
8.917222 63.424000
8.918054 63.424000
8.918886 63.424000
8.939494 62.592000
8.941126 62.592000
8.941958 62.592000
8.942790 62.592000
8.943622 62.592000
8.944454 62.592000
8.945286 62.592000
8.946118 62.592000
8.946950 62.592000
8.947782 62.592000
8.948614 62.592000
8.949446 62.592000
8.950278 62.592000
8.951110 62.592000
8.951942 62.592000
8.952774 62.592000
8.953606 62.592000
8.954438 62.592000
8.955270 62.592000
8.956102 62.592000
8.956934 62.592000
8.957766 62.592000
8.958598 62.592000
8.959430 62.592000
8.960262 62.592000
8.961094 62.592000
8.961926 62.592000
8.962758 62.592000
8.963590 62.592000
8.964422 62.592000
8.965254 62.592000
8.966086 62.592000
8.966918 62.592000
8.967750 62.592000
8.968582 62.592000
8.969414 62.592000
8.970246 62.592000
8.971078 62.592000
8.971910 62.592000
8.972742 62.592000
8.973574 62.592000
8.974406 62.592000
8.975238 62.592000
8.976070 62.592000
8.976902 62.592000
8.977734 62.592000
8.978566 62.592000
8.978982 63.424000
8.979814 63.424000
8.980646 63.424000
8.981478 63.424000
8.982310 63.424000
9.002086 62.592000
9.003718 62.592000
9.004550 62.592000
9.005382 62.592000
9.006214 62.592000
9.007046 62.592000
9.007878 62.592000
9.008710 62.592000
9.009542 62.592000
9.010374 62.592000
9.011206 62.592000
9.012038 62.592000
9.012870 62.592000
9.013702 62.592000
9.014534 62.592000
9.015366 62.592000
9.016198 62.592000
9.017030 62.592000
9.017862 62.592000
9.018694 62.592000
9.019526 62.592000
9.020358 62.592000
9.021190 62.592000
9.022022 62.592000
9.022854 62.592000
9.023686 62.592000
9.024518 62.592000
9.025350 62.592000
9.026182 62.592000
9.027014 62.592000
9.027846 62.592000
9.028678 62.592000
9.029510 62.592000
9.030342 62.592000
9.031174 62.592000
