0.030096 60.192000
0.091488 62.592000
0.091904 63.424000
0.154080 62.592000
0.154496 63.424000
0.155328 63.424000
0.155744 64.256000
0.216672 62.592000
0.217088 63.424000
0.217920 63.424000
0.218336 64.256000
0.219168 64.256000
0.219584 65.088000
0.220416 65.088000
0.220832 65.920000
0.279264 62.592000
0.279680 63.424000
0.280512 63.424000
0.280928 64.256000
0.281760 64.256000
0.282176 65.088000
0.283008 65.088000
0.283424 65.920000
0.284256 65.920000
0.284672 66.752000
0.285504 66.752000
0.285920 67.584000
0.286752 67.584000
0.287168 68.416000
0.288000 68.416000
0.288416 69.248000
0.341856 62.592000
0.342272 63.424000
0.343104 63.424000
0.343520 64.256000
0.344352 64.256000
0.344768 65.088000
0.345600 65.088000
0.346016 65.920000
0.346848 65.920000
0.347264 66.752000
0.348096 66.752000
0.348512 67.584000
0.349344 67.584000
0.349760 68.416000
0.350592 68.416000
0.351008 69.248000
0.351840 69.248000
0.352256 70.080000
0.353088 70.080000
0.353504 70.912000
0.354336 70.912000
0.354752 71.744000
0.355584 71.744000
0.356000 72.576000
0.356832 72.576000
0.357248 73.408000
0.358080 73.408000
0.358496 74.240000
0.410320 176.224000
0.411152 176.224000
0.454521 141.107000
0.455353 141.107000
0.456185 141.107000
0.457017 141.107000
0.457849 141.107000
0.458681 141.107000
0.459513 141.107000
0.460346 141.107000
0.461178 141.107000
0.462010 141.107000
0.462842 141.107000
0.477101 167.962000
0.477933 167.962000
0.478765 167.962000
0.491661 192.090000
0.492483 192.070000
0.512557 153.549000
0.558035 64.256000
0.558867 64.256000
0.559283 65.088000
0.560115 65.088000
0.560531 65.920000
0.561363 65.920000
0.561779 66.752000
0.562611 66.752000
0.563027 67.584000
0.563859 67.584000
0.564275 68.416000
0.565107 68.416000
0.565523 69.248000
0.566355 69.248000
0.566771 70.080000
0.567603 70.080000
0.568019 70.912000
0.568851 70.912000
0.569267 71.744000
0.592378 62.592000
0.592794 63.424000
0.593626 63.424000
0.594042 64.256000
0.594874 64.256000
0.595290 65.088000
0.619002 62.592000
0.619418 63.424000
0.620240 63.444000
0.620656 64.276000
0.621479 64.295000
0.622310 64.295000
0.623143 64.295000
0.623974 64.295000
0.624807 64.295000
0.625638 64.295000
0.626471 64.295000
0.627302 64.295000
0.628135 64.295000
0.628966 64.295000
0.629799 64.295000
0.630630 64.295000
0.631463 64.295000
0.632294 64.295000
0.633127 64.295000
0.633958 64.295000
0.634791 64.295000
0.635207 65.127000
0.636038 65.127000
0.636871 65.127000
0.637703 65.127000
0.654970 62.592000
0.655802 62.592000
0.656634 62.592000
0.657466 62.592000
0.658298 62.592000
0.659130 62.592000
0.681594 62.592000
0.682426 62.592000
0.683258 62.592000
0.684090 62.592000
0.684922 62.592000
0.685754 62.592000
0.686586 62.592000
0.687418 62.592000
0.688250 62.592000
0.689082 62.592000
0.689914 62.592000
0.690746 62.592000
0.691578 62.592000
0.692410 62.592000
0.693242 62.592000
0.694074 62.592000
0.694906 62.592000
0.695738 62.592000
0.696570 62.592000
0.697402 62.592000
0.698234 62.592000
0.699066 62.592000
0.699482 63.424000
0.700314 63.424000
0.701146 63.424000
0.701978 63.424000
0.717562 62.592000
0.718394 62.592000
0.719226 62.592000
0.720058 62.592000
0.720890 62.592000
0.721722 62.592000
0.744186 62.592000
0.745018 62.592000
0.745850 62.592000
0.746682 62.592000
0.747514 62.592000
0.748346 62.592000
0.749178 62.592000
0.750010 62.592000
0.750842 62.592000
0.751674 62.592000
0.752506 62.592000
0.753338 62.592000
0.754170 62.592000
0.755002 62.592000
0.755834 62.592000
0.756666 62.592000
0.757498 62.592000
0.758330 62.592000
0.759162 62.592000
0.759994 62.592000
0.760826 62.592000
0.761658 62.592000
0.762490 62.592000
0.763322 62.592000
0.763738 63.424000
0.764570 63.424000
0.765402 63.424000
0.780154 62.592000
0.780986 62.592000
0.781818 62.592000
0.782650 62.592000
0.783482 62.592000
0.784314 62.592000
0.806778 62.592000
0.807610 62.592000
0.808442 62.592000
0.809274 62.592000
0.810106 62.592000
0.810938 62.592000
0.811770 62.592000
0.812602 62.592000
0.813434 62.592000
0.814266 62.592000
0.815098 62.592000
0.815930 62.592000
0.816762 62.592000
0.817594 62.592000
0.818426 62.592000
0.819258 62.592000
0.820090 62.592000
0.820922 62.592000
0.821754 62.592000
0.822586 62.592000
0.823418 62.592000
0.824250 62.592000
0.825082 62.592000
0.825914 62.592000
0.826746 62.592000
0.827162 63.424000
0.827994 63.424000
0.828826 63.424000
0.842746 62.592000
0.843578 62.592000
0.844410 62.592000
0.845242 62.592000
0.846074 62.592000
0.846906 62.592000
0.869370 62.592000
0.870202 62.592000
0.871034 62.592000
0.871866 62.592000
0.872698 62.592000
0.873530 62.592000
0.874362 62.592000
0.875194 62.592000
0.876026 62.592000
0.876858 62.592000
0.877690 62.592000
0.878522 62.592000
0.879354 62.592000
0.880186 62.592000
0.881018 62.592000
0.881850 62.592000
0.882682 62.592000
0.883514 62.592000
0.884346 62.592000
0.885178 62.592000
0.886010 62.592000
0.886842 62.592000
0.887674 62.592000
0.888506 62.592000
0.889338 62.592000
0.890170 62.592000
0.891002 62.592000
0.891418 63.424000
0.892250 63.424000
0.905338 62.592000
0.906170 62.592000
0.907002 62.592000
0.907834 62.592000
0.908666 62.592000
0.909498 62.592000
0.931962 62.592000
0.932794 62.592000
0.933626 62.592000
0.934458 62.592000
0.935290 62.592000
0.936122 62.592000
0.936954 62.592000
0.937786 62.592000
0.938618 62.592000
0.939450 62.592000
0.940282 62.592000
0.941114 62.592000
0.941946 62.592000
0.942778 62.592000
0.943610 62.592000
0.944442 62.592000
0.945274 62.592000
0.946106 62.592000
0.946938 62.592000
0.947770 62.592000
0.948602 62.592000
0.949434 62.592000
0.950266 62.592000
0.951098 62.592000
0.951930 62.592000
0.952762 62.592000
0.953594 62.592000
0.954426 62.592000
0.954842 63.424000
0.955674 63.424000
0.967930 62.592000
0.968762 62.592000
0.969594 62.592000
0.970426 62.592000
0.971258 62.592000
0.972090 62.592000
0.994554 62.592000
0.995386 62.592000
0.996218 62.592000
0.997050 62.592000
0.997882 62.592000
0.998714 62.592000
0.999546 62.592000
1.000378 62.592000
1.001210 62.592000
1.002042 62.592000
1.002874 62.592000
1.003706 62.592000
1.004538 62.592000
1.005370 62.592000
1.006202 62.592000
1.007034 62.592000
1.007866 62.592000
1.008698 62.592000
1.009530 62.592000
1.010362 62.592000
1.011194 62.592000
1.012026 62.592000
1.012858 62.592000
1.013690 62.592000
1.014522 62.592000
1.015354 62.592000
1.016186 62.592000
1.017018 62.592000
1.017850 62.592000
1.018682 62.592000
1.019098 63.424000
1.030522 62.592000
1.031354 62.592000
1.032186 62.592000
1.033018 62.592000
1.033850 62.592000
1.034682 62.592000
1.057146 62.592000
1.057978 62.592000
1.058810 62.592000
1.059642 62.592000
1.060474 62.592000
1.061306 62.592000
1.062138 62.592000
1.062970 62.592000
1.063802 62.592000
1.064634 62.592000
1.065466 62.592000
1.066298 62.592000
1.067130 62.592000
1.067962 62.592000
1.068794 62.592000
1.069626 62.592000
1.070458 62.592000
1.071290 62.592000
1.072122 62.592000
1.072954 62.592000
1.073786 62.592000
1.074618 62.592000
1.075450 62.592000
1.076282 62.592000
1.077114 62.592000
1.077946 62.592000
1.078778 62.592000
1.079610 62.592000
1.080442 62.592000
1.081274 62.592000
1.082106 62.592000
1.082522 63.424000
1.093114 62.592000
1.093946 62.592000
1.094778 62.592000
1.095610 62.592000
1.096442 62.592000
1.097274 62.592000
1.119738 62.592000
1.120570 62.592000
1.121402 62.592000
1.122234 62.592000
1.123066 62.592000
1.123898 62.592000
1.124730 62.592000
1.125562 62.592000
1.126394 62.592000
1.127226 62.592000
1.128058 62.592000
1.128890 62.592000
1.129722 62.592000
1.130554 62.592000
1.131386 62.592000
1.132218 62.592000
1.133050 62.592000
1.133882 62.592000
1.134714 62.592000
1.135546 62.592000
1.136378 62.592000
1.137210 62.592000
1.138042 62.592000
1.138874 62.592000
1.139706 62.592000
1.140538 62.592000
1.141370 62.592000
1.142202 62.592000
1.143034 62.592000
1.143866 62.592000
1.144698 62.592000
1.145530 62.592000
1.155706 62.592000
1.156122 63.424000
1.156954 63.424000
1.157786 63.424000
1.158618 63.424000
1.159450 63.424000
1.160282 63.424000
1.182330 62.592000
1.183162 62.592000
1.183994 62.592000
1.184826 62.592000
1.185658 62.592000
1.186490 62.592000
1.187322 62.592000
1.188154 62.592000
1.188986 62.592000
1.189818 62.592000
1.190650 62.592000
1.191482 62.592000
1.192314 62.592000
1.193146 62.592000
1.193978 62.592000
1.194810 62.592000
1.195642 62.592000
1.196474 62.592000
1.197306 62.592000
1.198138 62.592000
1.198970 62.592000
1.199802 62.592000
1.200634 62.592000
1.201466 62.592000
1.202298 62.592000
1.203130 62.592000
1.203962 62.592000
1.204794 62.592000
1.205626 62.592000
1.206458 62.592000
1.207290 62.592000
1.208122 62.592000
1.218298 62.592000
1.219130 62.592000
1.219546 63.424000
1.220378 63.424000
1.221210 63.424000
1.222042 63.424000
1.222874 63.424000
1.223706 63.424000
1.244922 62.592000
1.245754 62.592000
1.246586 62.592000
1.247418 62.592000
1.248250 62.592000
1.249082 62.592000
1.249914 62.592000
1.250746 62.592000
1.251578 62.592000
1.252410 62.592000
1.253242 62.592000
1.254074 62.592000
1.254906 62.592000
1.255738 62.592000
1.256570 62.592000
1.257402 62.592000
1.258234 62.592000
1.259066 62.592000
1.259898 62.592000
1.260730 62.592000
1.261562 62.592000
1.262394 62.592000
1.263226 62.592000
1.264058 62.592000
1.264890 62.592000
1.265722 62.592000
1.266554 62.592000
1.267386 62.592000
1.268218 62.592000
1.269050 62.592000
1.269882 62.592000
1.270714 62.592000
1.280890 62.592000
1.281722 62.592000
1.282554 62.592000
1.283386 62.592000
1.283802 63.424000
1.284634 63.424000
1.285466 63.424000
1.286298 63.424000
1.287130 63.424000
1.307514 62.592000
1.308346 62.592000
1.309178 62.592000
1.310010 62.592000
1.310842 62.592000
1.311674 62.592000
1.312506 62.592000
1.313338 62.592000
1.314170 62.592000
1.315002 62.592000
1.315834 62.592000
1.316666 62.592000
1.317498 62.592000
1.318330 62.592000
1.319162 62.592000
1.319994 62.592000
1.320826 62.592000
1.321658 62.592000
1.322490 62.592000
1.323322 62.592000
1.324154 62.592000
1.324986 62.592000
1.325818 62.592000
1.326650 62.592000
1.327482 62.592000
1.328314 62.592000
1.329146 62.592000
1.329978 62.592000
1.330810 62.592000
1.331642 62.592000
1.332474 62.592000
1.333306 62.592000
1.343482 62.592000
1.344314 62.592000
1.345146 62.592000
1.345978 62.592000
1.346810 62.592000
1.347226 63.424000
1.348058 63.424000
1.348890 63.424000
1.349722 63.424000
1.350554 63.424000
1.370106 62.592000
1.370938 62.592000
1.371770 62.592000
1.372602 62.592000
1.373434 62.592000
1.374266 62.592000
1.375098 62.592000
1.375930 62.592000
1.376762 62.592000
1.377594 62.592000
1.378426 62.592000
1.379258 62.592000
1.380090 62.592000
1.380922 62.592000
1.381754 62.592000
1.382586 62.592000
1.383418 62.592000
1.384250 62.592000
1.385082 62.592000
1.385914 62.592000
1.386746 62.592000
1.387578 62.592000
1.388410 62.592000
1.389242 62.592000
1.390074 62.592000
1.390906 62.592000
1.391738 62.592000
1.392570 62.592000
1.393402 62.592000
1.394234 62.592000
1.395066 62.592000
1.395898 62.592000
1.406074 62.592000
1.406906 62.592000
1.407738 62.592000
1.408570 62.592000
1.409402 62.592000
1.410234 62.592000
1.411066 62.592000
1.411482 63.424000
1.412314 63.424000
1.413146 63.424000
1.413978 63.424000
1.432698 62.592000
1.433530 62.592000
1.434362 62.592000
1.435194 62.592000
1.436026 62.592000
1.436858 62.592000
1.437690 62.592000
1.438522 62.592000
1.439354 62.592000
1.440186 62.592000
1.441018 62.592000
1.441850 62.592000
1.442682 62.592000
1.443514 62.592000
1.444346 62.592000
1.445178 62.592000
1.446010 62.592000
1.446842 62.592000
1.447674 62.592000
1.448506 62.592000
1.449338 62.592000
1.450170 62.592000
1.451002 62.592000
1.451834 62.592000
1.452666 62.592000
1.453498 62.592000
1.454330 62.592000
1.455162 62.592000
1.455994 62.592000
1.456826 62.592000
1.457658 62.592000
1.458490 62.592000
1.468666 62.592000
1.469498 62.592000
1.470330 62.592000
1.471162 62.592000
1.471994 62.592000
1.472826 62.592000
1.473658 62.592000
1.474490 62.592000
1.474906 63.424000
1.475738 63.424000
1.476570 63.424000
1.477402 63.424000
1.495290 62.592000
1.496122 62.592000
1.496954 62.592000
1.497786 62.592000
1.498618 62.592000
1.499450 62.592000
1.500282 62.592000
1.501114 62.592000
1.501946 62.592000
1.502778 62.592000
1.503610 62.592000
1.504442 62.592000
1.505274 62.592000
1.506106 62.592000
1.506938 62.592000
1.507770 62.592000
1.508602 62.592000
1.509434 62.592000
1.510266 62.592000
1.511098 62.592000
1.511930 62.592000
1.512762 62.592000
1.513594 62.592000
1.514426 62.592000
1.515258 62.592000
1.516090 62.592000
1.516922 62.592000
1.517754 62.592000
1.518586 62.592000
1.519418 62.592000
1.520250 62.592000
1.521082 62.592000
1.531258 62.592000
1.532090 62.592000
1.532922 62.592000
1.533754 62.592000
1.534586 62.592000
1.535418 62.592000
1.536250 62.592000
1.537082 62.592000
1.537914 62.592000
1.538746 62.592000
1.539162 63.424000
1.539994 63.424000
1.540826 63.424000
1.557882 62.592000
1.558714 62.592000
1.559546 62.592000
1.560378 62.592000
1.561210 62.592000
1.562042 62.592000
1.562874 62.592000
1.563706 62.592000
1.564538 62.592000
1.565370 62.592000
1.566202 62.592000
1.567034 62.592000
1.567866 62.592000
1.568698 62.592000
1.569530 62.592000
1.570362 62.592000
1.571194 62.592000
1.572026 62.592000
1.572858 62.592000
1.573690 62.592000
1.574522 62.592000
1.575354 62.592000
1.576186 62.592000
1.577018 62.592000
1.577850 62.592000
1.578682 62.592000
1.579514 62.592000
1.580346 62.592000
1.581178 62.592000
1.582010 62.592000
1.582842 62.592000
1.583674 62.592000
1.593850 62.592000
1.594682 62.592000
1.595514 62.592000
1.596346 62.592000
1.597178 62.592000
1.598010 62.592000
1.598842 62.592000
1.599674 62.592000
1.600506 62.592000
1.601338 62.592000
1.602170 62.592000
1.602586 63.424000
1.603418 63.424000
1.604250 63.424000
1.620474 62.592000
1.621306 62.592000
1.622138 62.592000
1.622970 62.592000
1.623802 62.592000
1.624634 62.592000
1.625466 62.592000
1.626298 62.592000
1.627130 62.592000
1.627962 62.592000
1.628794 62.592000
1.629626 62.592000
1.630458 62.592000
1.631290 62.592000
1.632122 62.592000
1.632954 62.592000
1.633786 62.592000
1.634618 62.592000
1.635450 62.592000
1.636282 62.592000
1.637114 62.592000
1.637946 62.592000
1.638778 62.592000
1.639610 62.592000
1.640442 62.592000
1.641274 62.592000
1.642106 62.592000
1.642938 62.592000
1.643770 62.592000
1.644602 62.592000
1.645434 62.592000
1.646266 62.592000
1.656442 62.592000
1.657274 62.592000
1.658106 62.592000
1.658938 62.592000
1.659770 62.592000
1.660602 62.592000
1.661434 62.592000
1.662266 62.592000
1.663098 62.592000
1.663930 62.592000
1.664762 62.592000
1.665594 62.592000
1.666426 62.592000
1.666842 63.424000
1.667674 63.424000
1.683066 62.592000
1.683898 62.592000
1.684730 62.592000
1.685562 62.592000
1.686394 62.592000
1.687226 62.592000
1.688058 62.592000
1.688890 62.592000
1.689722 62.592000
1.690554 62.592000
1.691386 62.592000
1.692218 62.592000
1.693050 62.592000
1.693882 62.592000
1.694714 62.592000
1.695546 62.592000
1.696378 62.592000
1.697210 62.592000
1.698042 62.592000
1.698874 62.592000
1.699706 62.592000
1.700538 62.592000
1.701370 62.592000
1.702202 62.592000
1.703034 62.592000
1.703866 62.592000
1.704698 62.592000
1.705530 62.592000
1.706362 62.592000
1.707194 62.592000
1.708026 62.592000
1.708858 62.592000
1.719034 62.592000
1.719866 62.592000
1.720698 62.592000
1.721530 62.592000
1.722362 62.592000
1.723194 62.592000
1.724026 62.592000
1.724858 62.592000
1.725690 62.592000
1.726522 62.592000
1.727354 62.592000
1.728186 62.592000
1.729018 62.592000
1.729850 62.592000
1.730266 63.424000
1.731098 63.424000
1.745658 62.592000
1.746490 62.592000
1.747322 62.592000
1.748154 62.592000
1.748986 62.592000
1.749818 62.592000
1.750650 62.592000
1.751482 62.592000
1.752314 62.592000
1.753146 62.592000
1.753978 62.592000
1.754810 62.592000
1.755642 62.592000
1.756474 62.592000
1.757306 62.592000
1.758138 62.592000
1.758970 62.592000
1.759802 62.592000
1.760634 62.592000
1.761466 62.592000
1.762298 62.592000
1.763130 62.592000
1.763962 62.592000
1.764794 62.592000
1.765626 62.592000
1.766458 62.592000
1.767290 62.592000
1.768122 62.592000
1.768954 62.592000
1.769786 62.592000
1.770618 62.592000
1.771450 62.592000
1.781626 62.592000
1.782458 62.592000
1.783290 62.592000
1.784122 62.592000
1.784954 62.592000
1.785786 62.592000
1.786618 62.592000
1.787450 62.592000
1.788282 62.592000
1.789114 62.592000
1.789946 62.592000
1.790778 62.592000
1.791610 62.592000
1.792442 62.592000
1.793274 62.592000
1.794106 62.592000
1.794522 63.424000
1.808250 62.592000
1.809082 62.592000
1.809914 62.592000
1.810746 62.592000
1.811578 62.592000
1.812410 62.592000
1.813242 62.592000
1.814074 62.592000
1.814906 62.592000
1.815738 62.592000
1.816570 62.592000
1.817402 62.592000
1.818234 62.592000
1.819066 62.592000
1.819898 62.592000
1.820730 62.592000
1.821562 62.592000
1.822394 62.592000
1.823226 62.592000
1.824058 62.592000
1.824890 62.592000
1.825722 62.592000
1.826554 62.592000
1.827386 62.592000
1.828218 62.592000
1.829050 62.592000
1.829882 62.592000
1.830714 62.592000
1.831546 62.592000
1.832378 62.592000
1.833210 62.592000
1.834042 62.592000
1.844218 62.592000
1.845050 62.592000
1.845882 62.592000
1.846714 62.592000
1.847546 62.592000
1.848378 62.592000
1.849210 62.592000
1.850042 62.592000
1.850874 62.592000
1.851706 62.592000
1.852538 62.592000
1.853370 62.592000
1.854202 62.592000
1.855034 62.592000
1.855866 62.592000
1.856698 62.592000
1.857530 62.592000
1.857946 63.424000
1.870842 62.592000
1.871674 62.592000
1.872506 62.592000
1.873338 62.592000
1.874170 62.592000
1.875002 62.592000
1.875834 62.592000
1.876666 62.592000
1.877498 62.592000
1.878330 62.592000
1.879162 62.592000
1.879994 62.592000
1.880826 62.592000
1.881658 62.592000
1.882490 62.592000
1.883322 62.592000
1.884154 62.592000
1.884986 62.592000
1.885818 62.592000
1.886650 62.592000
1.887482 62.592000
1.888314 62.592000
1.889146 62.592000
1.889978 62.592000
1.890810 62.592000
1.891642 62.592000
1.892474 62.592000
1.893306 62.592000
1.894138 62.592000
1.894970 62.592000
1.895802 62.592000
1.896634 62.592000
1.906810 62.592000
1.907642 62.592000
1.908474 62.592000
1.909306 62.592000
1.910138 62.592000
1.910970 62.592000
1.911802 62.592000
1.912634 62.592000
1.913466 62.592000
1.914298 62.592000
1.915130 62.592000
1.915962 62.592000
1.916794 62.592000
1.917626 62.592000
1.918458 62.592000
1.919290 62.592000
1.920122 62.592000
1.920954 62.592000
1.933434 62.592000
1.933850 63.424000
1.934682 63.424000
1.935514 63.424000
1.936346 63.424000
1.937178 63.424000
1.938010 63.424000
1.938842 63.424000
1.939674 63.424000
1.940506 63.424000
1.941338 63.424000
1.942170 63.424000
1.943002 63.424000
1.943834 63.424000
1.944666 63.424000
1.945498 63.424000
1.946330 63.424000
1.947162 63.424000
1.947994 63.424000
1.948826 63.424000
1.949658 63.424000
1.950490 63.424000
1.951322 63.424000
1.952154 63.424000
1.952986 63.424000
1.953818 63.424000
1.954650 63.424000
1.955482 63.424000
1.956314 63.424000
1.957146 63.424000
1.957978 63.424000
1.958810 63.424000
1.959642 63.424000
1.969402 62.592000
1.970234 62.592000
1.971066 62.592000
1.971898 62.592000
1.972730 62.592000
1.973562 62.592000
1.974394 62.592000
1.975226 62.592000
1.976058 62.592000
1.976890 62.592000
1.977722 62.592000
1.978554 62.592000
1.979386 62.592000
1.980218 62.592000
1.981050 62.592000
1.981882 62.592000
1.982714 62.592000
1.983546 62.592000
1.996026 62.592000
1.996858 62.592000
1.997274 63.424000
1.998106 63.424000
1.998938 63.424000
1.999770 63.424000
2.000602 63.424000
2.001434 63.424000
2.002266 63.424000
2.003098 63.424000
2.003930 63.424000
2.004762 63.424000
2.005594 63.424000
2.006426 63.424000
2.007258 63.424000
2.008090 63.424000
2.008922 63.424000
2.009754 63.424000
2.010586 63.424000
2.011418 63.424000
2.012250 63.424000
2.013082 63.424000
2.013914 63.424000
2.014746 63.424000
2.015578 63.424000
2.016410 63.424000
2.017242 63.424000
2.018074 63.424000
2.018906 63.424000
2.019738 63.424000
2.020570 63.424000
2.021402 63.424000
2.022234 63.424000
2.023066 63.424000
2.032029 62.662000
2.032861 62.662000
2.034093 63.462000
2.035325 64.262000
2.036157 64.262000
2.037389 65.062000
2.038221 65.062000
2.039453 65.862000
2.040285 65.862000
2.041517 66.662000
2.042349 66.662000
2.043581 67.462000
2.044413 67.462000
2.045645 68.262000
2.046477 68.262000
2.047709 69.062000
2.048541 69.062000
2.049773 69.862000
2.059629 64.614000
2.060461 64.614000
2.061693 65.414000
2.062525 65.414000
2.063341 67.046000
2.064173 67.046000
2.065405 67.846000
2.066237 67.846000
2.067469 68.646000
2.068301 68.646000
2.069533 69.446000
2.070365 69.446000
2.071597 70.246000
2.072429 70.246000
2.073661 71.046000
2.074493 71.046000
2.075725 71.846000
2.076557 71.846000
2.077789 72.646000
2.078621 72.646000
2.079853 73.446000
2.081085 74.246000
2.120314 151.040000
2.121962 151.008000
2.140570 184.896000
2.141818 184.064000
2.143466 184.032000
2.145114 184.000000
2.175587 137.734000
2.180490 137.683000
2.218477 66.534000
2.220525 64.102000
2.221757 64.902000
2.223389 64.902000
2.225021 64.902000
2.226653 64.902000
2.228285 64.902000
2.229917 64.902000
2.230333 65.734000
2.264314 62.592000
2.265130 64.224000
2.265962 64.224000
2.266778 65.856000
2.268010 65.056000
2.268826 66.688000
2.270058 65.888000
2.270874 67.520000
2.272096 66.740000
2.272912 68.372000
2.274144 67.572000
2.275776 67.572000
2.276608 67.572000
2.278240 67.572000
2.280663 67.591000
2.281079 68.423000
2.282310 69.223000
2.283543 68.423000
2.285965 68.442000
2.286797 68.442000
2.288429 68.442000
2.290061 68.442000
2.291693 68.442000
2.293325 68.442000
2.294957 68.442000
2.296989 69.242000
2.297821 69.242000
2.326906 62.592000
2.328538 62.592000
2.329770 63.392000
2.331402 63.392000
2.332234 63.392000
2.333866 63.392000
2.335098 64.192000
2.336730 64.192000
2.337562 64.192000
2.339194 64.192000
2.340426 64.992000
2.342058 64.992000
2.343290 65.792000
2.344922 65.792000
2.346954 64.992000
2.347770 66.624000
2.348602 66.624000
2.350234 66.624000
2.351066 66.624000
2.353498 66.624000
2.354330 66.624000
2.355962 66.624000
2.357594 66.624000
2.359226 66.624000
2.360858 66.624000
2.362490 66.624000
2.364922 66.624000
2.365754 66.624000
2.389498 62.592000
2.391130 62.592000
2.392762 62.592000
2.394394 62.592000
2.395626 63.392000
2.397258 63.392000
2.398890 63.392000
2.400522 63.392000
2.401754 64.192000
2.403386 64.192000
2.405018 64.192000
2.406650 64.192000
2.408282 64.192000
2.409914 64.192000
2.411546 64.192000
2.413178 64.192000
2.414010 64.192000
2.414826 65.824000
2.416058 65.024000
2.417290 65.824000
2.419322 65.024000
2.420554 65.824000
2.422186 65.824000
2.423818 65.824000
2.425450 65.824000
2.427082 65.824000
2.428714 65.824000
2.430746 65.024000
2.431978 65.824000
2.452477 63.366000
2.454109 63.366000
2.455741 63.366000
2.457373 63.366000
2.459005 63.366000
2.460637 63.366000
2.462269 63.366000
2.463901 63.366000
2.465533 63.366000
2.467165 63.366000
2.468797 63.366000
2.470429 63.366000
2.472061 63.366000
2.473693 63.366000
2.475325 63.366000
2.476957 63.366000
2.477789 63.366000
2.479421 63.366000
2.480237 64.998000
2.481069 64.998000
2.482701 64.998000
2.484333 64.998000
2.485965 64.998000
2.487597 64.998000
2.489229 64.998000
2.490861 64.998000
2.492493 64.998000
2.494125 64.998000
2.495757 64.998000
2.497389 64.998000
2.515456 62.592000
2.517088 62.592000
2.518720 62.592000
2.520352 62.592000
2.521984 62.592000
2.523616 62.592000
2.525248 62.592000
2.526880 62.592000
2.528512 62.592000
2.530144 62.592000
2.531776 62.592000
2.533408 62.592000
2.535040 62.592000
2.536672 62.592000
2.538304 62.592000
2.539936 62.592000
2.541168 63.392000
2.542800 63.392000
2.544432 63.392000
2.545664 64.192000
2.546080 65.024000
2.547712 65.024000
2.549344 65.024000
2.550976 65.024000
2.552608 65.024000
2.554240 65.024000
2.555872 65.024000
2.557504 65.024000
2.559136 65.024000
2.560768 65.024000
2.562400 65.024000
2.578048 62.592000
2.579680 62.592000
2.581312 62.592000
2.582944 62.592000
2.584576 62.592000
2.586208 62.592000
2.587840 62.592000
2.589472 62.592000
2.591104 62.592000
2.592736 62.592000
2.594368 62.592000
2.596000 62.592000
2.597632 62.592000
2.599664 63.392000
2.601296 63.392000
2.602928 63.392000
2.604560 63.392000
2.606192 63.392000
2.607824 63.392000
2.609456 63.392000
2.610288 63.392000
2.611104 65.024000
2.612336 64.224000
2.613968 64.224000
2.615600 64.224000
2.617232 64.224000
2.618864 64.224000
2.620496 64.224000
2.622128 64.224000
2.623760 64.224000
2.625392 64.224000
2.627024 64.224000
2.640640 62.592000
2.642272 62.592000
2.643904 62.592000
2.645536 62.592000
2.647168 62.592000
2.648800 62.592000
2.650432 62.592000
2.652464 63.392000
2.654096 63.392000
2.655728 63.392000
2.657360 63.392000
2.658992 63.392000
2.660624 63.392000
2.662656 62.592000
2.664288 62.592000
2.665920 62.592000
2.667552 62.592000
2.669184 62.592000
2.670816 62.592000
2.672448 62.592000
2.673680 63.392000
2.675312 63.392000
2.676144 63.392000
2.676960 65.024000
2.678192 64.224000
2.679824 64.224000
2.681456 64.224000
2.683088 64.224000
2.684720 64.224000
2.686352 64.224000
2.687984 64.224000
2.689616 64.224000
2.691248 64.224000
2.703232 62.592000
2.705264 63.392000
2.706896 63.392000
2.708528 63.392000
2.710160 63.392000
2.711792 63.392000
2.713424 63.392000
2.715456 62.592000
2.717088 62.592000
2.718720 62.592000
2.720352 62.592000
2.721984 62.592000
2.723616 62.592000
2.725248 62.592000
2.726880 62.592000
2.728512 62.592000
2.730144 62.592000
2.731776 62.592000
2.733408 62.592000
2.735040 62.592000
2.736672 62.592000
2.738304 62.592000
2.739536 63.392000
2.741168 63.392000
2.741584 64.224000
2.742816 65.024000
2.744448 65.024000
2.746080 65.024000
2.747712 65.024000
2.749344 65.024000
2.750976 65.024000
2.752608 65.024000
2.754240 65.024000
2.755872 65.024000
2.766144 63.232000
2.768256 62.592000
2.769888 62.592000
2.771520 62.592000
2.773152 62.592000
2.774784 62.592000
2.776416 62.592000
2.778048 62.592000
2.779680 62.592000
2.781312 62.592000
2.782944 62.592000
2.784576 62.592000
2.786208 62.592000
2.787840 62.592000
2.789472 62.592000
2.791104 62.592000
2.792736 62.592000
2.794368 62.592000
2.796000 62.592000
2.797632 62.592000
2.799664 63.392000
2.801296 63.392000
2.802928 63.392000
2.804560 63.392000
2.805392 63.392000
2.807024 63.392000
2.807840 65.024000
2.809072 64.224000
2.810704 64.224000
2.812336 64.224000
2.813968 64.224000
2.815600 64.224000
2.817232 64.224000
2.818864 64.224000
2.820496 64.224000
2.829056 62.592000
2.830848 62.592000
2.832480 62.592000
2.834112 62.592000
2.835744 62.592000
2.837376 62.592000
2.839008 62.592000
2.840640 62.592000
2.842272 62.592000
2.843904 62.592000
2.845536 62.592000
2.847168 62.592000
2.848800 62.592000
2.850432 62.592000
2.852464 63.392000
2.854096 63.392000
2.855728 63.392000
2.857360 63.392000
2.858992 63.392000
2.860624 63.392000
2.862656 62.592000
2.864288 62.592000
2.865920 62.592000
2.867552 62.592000
2.868784 63.392000
2.870416 63.392000
2.872048 63.392000
2.872464 64.224000
2.873696 65.024000
2.874928 64.224000
2.876560 64.224000
2.878192 64.224000
2.879824 64.224000
2.881456 64.224000
2.883088 64.224000
2.884720 64.224000
2.891648 62.592000
2.893440 62.592000
2.895072 62.592000
2.896704 62.592000
2.898336 62.592000
2.899968 62.592000
2.901600 62.592000
2.903232 62.592000
2.905264 63.392000
2.906896 63.392000
2.908528 63.392000
2.910160 63.392000
2.911792 63.392000
2.913424 63.392000
2.915456 62.592000
2.917088 62.592000
2.918720 62.592000
2.920352 62.592000
2.921984 62.592000
2.923616 62.592000
2.925248 62.592000
2.926880 62.592000
2.928512 62.592000
2.930144 62.592000
2.931776 62.592000
2.933408 62.592000
2.935040 62.592000
2.936272 63.392000
2.937904 63.392000
2.938320 64.224000
2.939552 65.024000
2.940784 64.224000
2.942416 64.224000
2.944048 64.224000
2.946080 65.024000
2.947712 65.024000
2.949344 65.024000
2.954240 62.592000
2.956032 62.592000
2.958064 63.392000
2.959696 63.392000
2.961328 63.392000
2.962960 63.392000
2.964592 63.392000
2.966224 63.392000
2.968256 62.592000
2.969888 62.592000
2.971520 62.592000
2.973152 62.592000
2.974784 62.592000
2.976416 62.592000
2.978048 62.592000
2.979680 62.592000
2.981312 62.592000
2.982944 62.592000
2.984576 62.592000
2.986208 62.592000
2.987840 62.592000
2.989472 62.592000
2.991104 62.592000
2.992736 62.592000
2.994368 62.592000
2.996000 62.592000
2.997632 62.592000
2.999664 63.392000
3.001296 63.392000
3.002128 63.392000
3.002944 65.024000
3.004176 64.224000
3.005408 65.024000
3.007040 65.024000
3.008672 65.024000
3.010704 64.224000
3.012336 64.224000
3.013968 64.224000
3.017024 62.976000
3.019136 63.616000
3.021168 62.816000
3.022800 62.816000
3.024432 62.816000
3.026064 62.816000
3.027696 62.816000
3.029328 62.816000
3.030960 62.816000
3.032592 62.816000
3.034224 62.816000
3.035856 62.816000
3.037488 62.816000
3.039120 62.816000
3.040752 62.816000
3.042384 62.816000
3.044016 62.816000
3.045648 62.816000
3.047280 62.816000
3.048912 62.816000
3.050544 62.816000
3.052576 63.616000
3.054208 63.616000
3.055840 63.616000
3.057472 63.616000
3.059104 63.616000
3.060736 63.616000
3.062768 62.816000
3.064400 62.816000
3.065632 63.616000
3.067264 63.616000
3.068096 63.616000
3.068912 65.248000
3.070144 64.448000
3.071776 64.448000
3.073408 64.448000
3.075040 64.448000
3.076672 64.448000
3.078304 64.448000
3.080736 64.448000
3.082768 63.648000
3.084400 63.648000
3.086032 63.648000
3.087664 63.648000
3.089296 63.648000
3.090928 63.648000
3.092560 63.648000
3.094592 64.448000
3.096224 64.448000
3.097856 64.448000
3.099488 64.448000
3.101120 64.448000
3.102752 64.448000
3.104384 64.448000
3.106016 64.448000
3.107648 64.448000
3.109280 64.448000
3.110912 64.448000
3.112544 64.448000
3.114176 64.448000
3.116208 63.648000
3.117840 63.648000
3.119472 63.648000
3.121104 63.648000
3.122736 63.648000
3.124368 63.648000
3.126000 63.648000
3.127632 63.648000
3.129264 63.648000
3.130896 63.648000
3.132128 64.448000
3.133760 64.448000
3.134576 66.080000
3.135408 66.080000
3.137040 66.080000
3.138672 66.080000
3.140304 66.080000
3.141936 66.080000
3.143568 66.080000
3.145600 65.280000
3.147232 65.280000
3.148864 65.280000
3.150496 65.280000
3.152128 65.280000
3.153760 65.280000
3.155392 65.280000
3.157024 65.280000
3.159456 65.280000
3.161088 65.280000
3.162720 65.280000
3.164352 65.280000
3.165984 65.280000
3.167616 65.280000
3.169248 65.280000
3.170880 65.280000
3.172512 65.280000
3.174144 65.280000
3.175776 65.280000
3.177408 65.280000
3.179040 65.280000
3.180672 65.280000
3.182304 65.280000
3.183936 65.280000
3.185568 65.280000
3.187200 65.280000
3.188832 65.280000
3.190464 65.280000
3.192096 65.280000
3.193728 65.280000
3.195360 65.280000
3.196992 65.280000
3.198624 65.280000
3.200256 65.280000
3.201488 66.080000
3.201904 66.912000
3.203536 66.912000
3.205168 66.912000
3.206800 66.912000
3.208432 66.912000
3.210064 66.912000
3.211696 66.912000
3.213328 66.912000
3.214960 66.912000
3.216592 66.912000
3.218224 66.912000
3.219856 66.912000
3.221488 66.912000
3.223120 66.912000
3.225552 66.912000
3.227184 66.912000
3.228816 66.912000
3.230448 66.912000
3.232080 66.912000
3.233712 66.912000
3.235344 66.912000
3.236976 66.912000
3.238608 66.912000
3.240240 66.912000
3.241872 66.912000
3.243504 66.912000
3.245136 66.912000
3.246768 66.912000
3.248400 66.912000
3.250032 66.912000
3.251664 66.912000
3.253296 66.912000
3.254928 66.912000
3.256560 66.912000
3.258192 66.912000
3.259824 66.912000
3.261456 66.912000
3.263088 66.912000
3.264720 66.912000
3.266352 66.912000
3.267984 66.912000
3.269216 67.712000
3.269632 68.544000
3.271264 68.544000
3.272896 68.544000
3.274528 68.544000
3.276160 68.544000
3.277792 68.544000
3.279424 68.544000
3.281056 68.544000
3.282688 68.544000
3.284320 68.544000
3.285952 68.544000
3.287584 68.544000
3.289216 68.544000
3.290848 68.544000
3.292880 67.744000
3.294512 67.744000
3.296144 67.744000
3.297776 67.744000
3.299408 67.744000
3.301440 68.544000
3.303072 68.544000
3.304704 68.544000
3.306336 68.544000
3.307968 68.544000
3.309600 68.544000
3.311232 68.544000
3.312864 68.544000
3.314496 68.544000
3.316128 68.544000
3.317760 68.544000
3.319392 68.544000
3.321024 68.544000
3.322656 68.544000
3.324288 68.544000
3.325920 68.544000
3.327552 68.544000
3.329184 68.544000
3.330816 68.544000
3.332448 68.544000
3.334080 68.544000
3.335712 68.544000
3.337344 68.544000
3.338176 68.544000
3.339808 68.544000
3.340624 70.176000
3.342256 70.176000
3.343888 70.176000
3.345520 70.176000
3.347152 70.176000
3.348784 70.176000
3.350416 70.176000
3.352048 70.176000
3.353680 70.176000
3.355312 70.176000
3.356944 70.176000
3.358576 70.176000
3.360208 70.176000
3.361840 70.176000
3.363472 70.176000
3.365104 70.176000
3.366736 70.176000
3.368368 70.176000
3.370400 69.376000
3.372032 69.376000
3.373664 69.376000
3.375296 69.376000
3.376928 69.376000
3.378560 69.376000
3.380192 69.376000
3.381824 69.376000
3.383856 70.176000
3.385488 70.176000
3.387120 70.176000
3.388752 70.176000
3.390384 70.176000
3.392016 70.176000
3.393648 70.176000
3.395280 70.176000
3.396912 70.176000
3.398544 70.176000
3.400176 70.176000
3.401808 70.176000
3.403440 70.176000
3.405072 70.176000
3.406704 70.176000
3.407536 70.176000
3.409168 70.176000
3.410800 70.176000
3.411616 71.808000
3.412848 71.008000
3.414480 71.008000
3.416112 71.008000
3.417744 71.008000
3.419376 71.008000
3.421008 71.008000
3.422640 71.008000
3.424672 71.808000
3.426304 71.808000
3.427936 71.808000
3.429568 71.808000
3.431200 71.808000
3.432832 71.808000
3.434464 71.808000
3.436096 71.808000
3.437728 71.808000
3.439360 71.808000
3.440992 71.808000
3.442624 71.808000
3.444256 71.808000
3.445888 71.808000
3.447520 71.808000
3.449152 71.808000
3.450784 71.808000
3.452416 71.808000
3.454448 71.008000
3.456080 71.008000
3.457712 71.008000
3.459344 71.008000
3.460976 71.008000
3.462608 71.008000
3.464240 71.008000
3.466272 71.808000
3.467904 71.808000
3.469536 71.808000
3.471168 71.808000
3.472800 71.808000
3.474432 71.808000
3.476064 71.808000
3.477696 71.808000
3.478528 71.808000
3.480160 71.808000
3.481792 71.808000
3.483424 71.808000
3.484656 72.608000
3.485072 73.440000
3.486704 73.440000
3.488336 73.440000
3.489968 73.440000
3.491600 73.440000
3.493232 73.440000
3.494864 73.440000
3.496896 72.640000
3.498528 72.640000
3.500160 72.640000
3.501792 72.640000
3.503424 72.640000
3.505056 72.640000
3.507088 73.440000
3.508720 73.440000
3.510352 73.440000
3.511984 73.440000
3.513616 73.440000
3.515248 73.440000
3.516880 73.440000
3.518512 73.440000
3.520144 73.440000
3.521776 73.440000
3.523408 73.440000
3.525040 73.440000
3.526672 73.440000
3.528304 73.440000
3.529936 73.440000
3.531568 73.440000
3.533200 73.440000
3.534832 73.440000
3.536464 73.440000
3.538496 72.640000
3.540128 72.640000
3.541760 72.640000
3.543392 72.640000
3.545024 72.640000
3.546656 72.640000
3.548688 73.440000
3.550320 73.440000
3.551152 73.440000
3.552784 73.440000
3.554416 73.440000
3.556048 73.440000
3.596435 150.950000
3.597657 151.731000
3.650131 103.258000
3.671747 63.290000
3.673379 63.290000
3.675011 63.290000
3.676643 63.290000
3.678275 63.290000
3.679907 63.290000
3.681539 63.290000
3.683171 63.290000
3.684803 63.290000
3.686435 63.290000
3.688067 63.290000
3.689699 63.290000
3.691331 63.290000
3.692963 63.290000
3.694595 63.290000
3.696227 63.290000
3.697859 63.290000
3.699491 63.290000
3.701123 63.290000
3.703206 62.592000
3.704828 62.611000
3.705645 64.243000
3.733056 62.592000
3.734688 62.592000
3.736320 62.592000
3.737952 62.592000
3.739584 62.592000
3.741216 62.592000
3.742848 62.592000
3.744480 62.592000
3.746112 62.592000
3.747744 62.592000
3.749376 62.592000
3.751008 62.592000
3.752640 62.592000
3.754272 62.592000
3.755088 64.224000
3.756320 63.424000
3.757952 63.424000
3.759584 63.424000
3.761216 63.424000
3.762848 63.424000
3.764880 64.224000
3.766563 64.122000
3.768195 64.122000
3.769827 64.122000
3.795648 62.592000
3.797280 62.592000
3.798912 62.592000
3.800544 62.592000
3.802176 62.592000
3.803808 62.592000
3.805440 62.592000
3.807072 62.592000
3.808704 62.592000
3.810336 62.592000
3.811968 62.592000
3.813600 62.592000
3.815232 62.592000
3.817264 63.392000
3.818896 63.392000
3.819312 64.224000
3.820544 65.024000
3.821776 64.224000
3.823408 64.224000
3.825040 64.224000
3.826672 64.224000
3.829104 64.224000
3.830736 64.224000
3.832368 64.224000
3.834000 64.224000
3.858240 62.592000
3.859872 62.592000
3.861504 62.592000
3.863136 62.592000
3.864768 62.592000
3.866400 62.592000
3.868032 62.592000
3.870064 63.392000
3.871696 63.392000
3.873328 63.392000
3.874960 63.392000
3.876592 63.392000
3.878224 63.392000
3.880256 62.592000
3.881888 62.592000
3.883120 63.392000
3.884752 63.392000
3.885168 64.224000
3.886400 65.024000
3.887632 64.224000
3.889264 64.224000
3.890896 64.224000
3.893328 64.224000
3.894960 64.224000
3.896592 64.224000
3.898224 64.224000
3.920832 62.592000
3.922864 63.392000
3.924496 63.392000
3.926128 63.392000
3.927760 63.392000
3.929392 63.392000
3.931024 63.392000
3.933056 62.592000
3.934688 62.592000
3.936320 62.592000
3.937952 62.592000
3.939584 62.592000
3.941216 62.592000
3.942848 62.592000
3.944480 62.592000
3.946112 62.592000
3.947744 62.592000
3.948976 63.392000
3.949392 64.224000
3.951024 64.224000
3.951856 64.224000
3.953488 64.224000
3.955120 64.224000
3.957552 64.224000
3.959184 64.224000
3.960816 64.224000
3.962448 64.224000
3.983744 63.232000
3.985856 62.592000
3.987488 62.592000
3.989120 62.592000
3.990752 62.592000
3.992384 62.592000
3.994016 62.592000
3.995648 62.592000
3.997280 62.592000
3.998912 62.592000
4.000544 62.592000
4.002176 62.592000
4.003808 62.592000
4.005440 62.592000
4.007072 62.592000
4.008704 62.592000
4.010336 62.592000
4.011968 62.592000
4.013200 63.392000
4.014832 63.392000
4.015648 65.024000
4.016480 65.024000
4.018112 65.024000
4.019744 65.024000
4.021776 64.224000
4.023408 64.224000
4.025040 64.224000
4.026672 64.224000
4.046656 62.592000
4.048448 62.592000
4.050080 62.592000
4.051712 62.592000
4.053344 62.592000
4.054976 62.592000
4.056608 62.592000
4.058240 62.592000
4.059872 62.592000
4.061504 62.592000
4.063136 62.592000
4.064768 62.592000
4.066400 62.592000
4.068032 62.592000
4.070064 63.392000
4.071696 63.392000
4.073328 63.392000
4.074960 63.392000
4.076592 63.392000
4.078224 63.392000
4.079856 63.392000
4.080272 64.224000
4.081504 65.024000
4.082736 64.224000
4.084368 64.224000
4.086000 64.224000
4.087632 64.224000
4.089264 64.224000
4.090896 64.224000
4.109248 62.592000
4.111040 62.592000
4.112672 62.592000
4.114304 62.592000
4.115936 62.592000
4.117568 62.592000
4.119200 62.592000
4.120832 62.592000
4.122864 63.392000
4.124496 63.392000
4.126128 63.392000
4.127760 63.392000
4.129392 63.392000
4.131024 63.392000
4.133056 62.592000
4.134688 62.592000
4.136320 62.592000
4.137952 62.592000
4.139584 62.592000
4.141216 62.592000
4.142848 62.592000
4.144080 63.392000
4.145712 63.392000
4.146128 64.224000
4.147360 65.024000
4.148592 64.224000
4.150224 64.224000
4.151856 64.224000
4.153488 64.224000
4.155120 64.224000
4.171840 62.592000
4.173632 62.592000
4.175664 63.392000
4.177296 63.392000
4.178928 63.392000
4.180560 63.392000
4.182192 63.392000
4.183824 63.392000
4.185856 62.592000
4.187488 62.592000
4.189120 62.592000
4.190752 62.592000
4.192384 62.592000
4.194016 62.592000
4.195648 62.592000
4.197280 62.592000
4.198912 62.592000
4.200544 62.592000
4.202176 62.592000
4.203808 62.592000
4.205440 62.592000
4.207072 62.592000
4.208704 62.592000
4.209936 63.392000
4.210352 64.224000
4.211984 64.224000
4.212816 64.224000
4.214448 64.224000
4.216480 65.024000
4.218112 65.024000
4.219744 65.024000
4.234432 62.592000
4.236544 63.232000
4.238656 62.592000
4.240288 62.592000
4.241920 62.592000
4.243552 62.592000
4.245184 62.592000
4.246816 62.592000
4.248448 62.592000
4.250080 62.592000
4.251712 62.592000
4.253344 62.592000
4.254976 62.592000
4.256608 62.592000
4.258240 62.592000
4.259872 62.592000
4.261504 62.592000
4.263136 62.592000
4.264768 62.592000
4.266400 62.592000
4.268032 62.592000
4.270064 63.392000
4.271696 63.392000
4.273328 63.392000
4.274160 63.392000
4.275792 63.392000
4.276608 65.024000
4.277440 65.024000
4.279072 65.024000
4.281104 64.224000
4.282736 64.224000
4.284368 64.224000
4.297344 63.232000
4.299456 62.592000
4.301248 62.592000
4.302880 62.592000
4.304512 62.592000
4.306144 62.592000
4.307776 62.592000
4.309408 62.592000
4.311040 62.592000
4.312672 62.592000
4.314304 62.592000
4.315936 62.592000
4.317568 62.592000
4.319200 62.592000
4.320832 62.592000
4.322864 63.392000
4.324496 63.392000
4.326128 63.392000
4.327760 63.392000
4.329392 63.392000
4.331024 63.392000
4.333056 62.592000
4.334688 62.592000
4.336320 62.592000
4.337552 63.392000
4.339184 63.392000
4.340816 63.392000
4.341232 64.224000
4.342464 65.024000
4.343696 64.224000
4.345328 64.224000
4.346960 64.224000
4.348592 64.224000
4.360256 62.592000
4.362048 62.592000
4.363840 62.592000
4.365472 62.592000
4.367104 62.592000
4.368736 62.592000
4.370368 62.592000
4.372000 62.592000
4.373632 62.592000
4.375664 63.392000
4.377296 63.392000
4.378928 63.392000
4.380560 63.392000
4.382192 63.392000
4.383824 63.392000
4.385856 62.592000
4.387488 62.592000
4.389120 62.592000
4.390752 62.592000
4.392384 62.592000
4.394016 62.592000
4.395648 62.592000
4.397280 62.592000
4.398912 62.592000
4.400544 62.592000
4.402176 62.592000
4.403808 62.592000
4.405040 63.392000
4.406672 63.392000
4.407088 64.224000
4.408320 65.024000
4.409552 64.224000
4.411184 64.224000
4.412816 64.224000
4.422848 62.592000
4.424640 62.592000
4.426432 62.592000
4.428464 63.392000
4.430096 63.392000
4.431728 63.392000
4.433360 63.392000
4.434992 63.392000
4.436624 63.392000
4.438656 62.592000
4.440288 62.592000
4.441920 62.592000
4.443552 62.592000
4.445184 62.592000
4.446816 62.592000
4.448448 62.592000
4.450080 62.592000
4.451712 62.592000
4.453344 62.592000
4.454976 62.592000
4.456608 62.592000
4.458240 62.592000
4.459872 62.592000
4.461504 62.592000
4.463136 62.592000
4.464768 62.592000
4.466400 62.592000
4.468032 62.592000
4.470064 63.392000
4.470896 63.392000
4.471712 65.024000
4.472944 64.224000
4.474176 65.024000
4.475808 65.024000
4.477440 65.024000
4.485440 62.592000
4.487232 62.592000
4.489344 63.232000
4.491456 62.592000
4.493088 62.592000
4.494720 62.592000
4.496352 62.592000
4.497984 62.592000
4.499616 62.592000
4.501248 62.592000
4.502880 62.592000
4.504512 62.592000
4.506144 62.592000
4.507776 62.592000
4.509408 62.592000
4.511040 62.592000
4.512672 62.592000
4.514304 62.592000
4.515936 62.592000
4.517568 62.592000
4.519200 62.592000
4.520832 62.592000
4.522864 63.392000
4.524496 63.392000
4.526128 63.392000
4.527760 63.392000
4.529392 63.392000
4.531024 63.392000
4.533056 62.592000
4.534288 63.392000
4.535920 63.392000
4.536752 63.392000
4.537568 65.024000
4.538800 64.224000
4.540432 64.224000
4.542064 64.224000
4.548032 62.592000
4.550144 63.232000
4.552256 62.592000
4.554048 62.592000
4.555680 62.592000
4.557312 62.592000
4.558944 62.592000
4.560576 62.592000
4.562208 62.592000
4.563840 62.592000
4.565472 62.592000
4.567104 62.592000
4.568736 62.592000
4.570368 62.592000
4.572000 62.592000
4.573632 62.592000
4.575664 63.392000
4.577296 63.392000
4.578928 63.392000
4.580560 63.392000
4.582192 63.392000
4.583824 63.392000
4.585856 62.592000
4.587488 62.592000
4.589120 62.592000
4.590752 62.592000
4.592384 62.592000
4.594016 62.592000
4.595648 62.592000
4.597280 62.592000
4.598912 62.592000
4.600144 63.392000
4.601776 63.392000
4.602192 64.224000
4.603424 65.024000
4.604656 64.224000
4.606288 64.224000
4.610944 63.232000
4.613056 62.592000
4.614848 62.592000
4.616640 62.592000
4.618272 62.592000
4.619904 62.592000
4.621536 62.592000
4.623168 62.592000
4.624800 62.592000
4.626432 62.592000
4.628464 63.392000
4.630096 63.392000
4.631728 63.392000
4.633360 63.392000
4.634992 63.392000
4.636624 63.392000
4.638656 62.592000
4.640288 62.592000
4.641920 62.592000
4.643552 62.592000
4.645184 62.592000
4.646816 62.592000
4.648448 62.592000
4.650080 62.592000
4.651712 62.592000
4.653344 62.592000
4.654976 62.592000
4.656608 62.592000
4.658240 62.592000
4.659872 62.592000
4.661504 62.592000
4.663136 62.592000
4.664768 62.592000
4.666000 63.392000
4.667632 63.392000
4.668448 65.024000
4.669280 65.024000
4.670912 65.024000
4.674208 63.296000
4.675920 63.136000
4.677632 62.976000
4.679344 62.816000
4.681376 63.616000
4.683008 63.616000
4.684640 63.616000
4.686272 63.616000
4.687904 63.616000
4.689536 63.616000
4.691568 62.816000
4.693200 62.816000
4.694832 62.816000
4.696464 62.816000
4.698096 62.816000
4.699728 62.816000
4.701360 62.816000
4.702992 62.816000
4.704624 62.816000
4.706256 62.816000
4.707888 62.816000
4.709520 62.816000
4.711152 62.816000
4.712784 62.816000
4.714416 62.816000
4.716048 62.816000
4.717680 62.816000
4.719312 62.816000
4.720944 62.816000
4.722976 63.616000
4.724608 63.616000
4.726240 63.616000
4.727872 63.616000
4.729504 63.616000
4.731136 63.616000
4.732768 63.616000
4.733184 64.448000
4.734416 65.248000
4.735648 64.448000
4.738080 64.448000
4.739712 64.448000
4.741344 64.448000
4.742976 64.448000
4.745008 63.648000
4.746640 63.648000
4.748272 63.648000
4.749904 63.648000
4.751536 63.648000
4.753168 63.648000
4.754800 63.648000
4.756432 63.648000
4.758064 63.648000
4.759696 63.648000
4.761328 63.648000
4.762960 63.648000
4.764992 64.448000
4.766624 64.448000
4.768256 64.448000
4.769888 64.448000
4.771520 64.448000
4.773152 64.448000
4.774784 64.448000
4.776416 64.448000
4.778048 64.448000
4.779680 64.448000
4.781312 64.448000
4.782944 64.448000
4.784576 64.448000
4.786608 63.648000
4.788240 63.648000
4.789872 63.648000
4.791504 63.648000
4.793136 63.648000
4.794768 63.648000
4.796400 63.648000
4.797632 64.448000
4.799264 64.448000
4.799680 65.280000
4.800912 66.080000
4.802944 65.280000
4.804576 65.280000
4.806208 65.280000
4.807840 65.280000
4.809472 65.280000
4.811104 65.280000
4.812736 65.280000
4.814368 65.280000
4.816000 65.280000
4.817632 65.280000
4.819264 65.280000
4.820896 65.280000
4.822528 65.280000
4.824160 65.280000
4.825792 65.280000
4.827424 65.280000
4.829856 65.280000
4.831488 65.280000
4.833120 65.280000
4.834752 65.280000
4.836384 65.280000
4.838016 65.280000
4.839648 65.280000
4.841280 65.280000
4.842912 65.280000
4.844544 65.280000
4.846176 65.280000
4.847808 65.280000
4.849440 65.280000
4.851072 65.280000
4.852704 65.280000
4.854336 65.280000
4.855968 65.280000
4.857600 65.280000
4.859232 65.280000
4.860864 65.280000
4.862496 65.280000
4.864128 65.280000
4.865360 66.080000
4.865776 66.912000
4.867408 66.912000
4.869040 66.912000
4.870672 66.912000
4.872304 66.912000
4.873936 66.912000
4.875568 66.912000
4.877200 66.912000
4.878832 66.912000
4.880464 66.912000
4.882096 66.912000
4.883728 66.912000
4.885360 66.912000
4.886992 66.912000
4.888624 66.912000
4.890256 66.912000
4.891888 66.912000
4.893520 66.912000
4.895952 66.912000
4.897584 66.912000
4.899216 66.912000
4.900848 66.912000
4.902480 66.912000
4.904112 66.912000
4.905744 66.912000
4.907376 66.912000
4.909008 66.912000
4.910640 66.912000
4.912272 66.912000
4.913904 66.912000
4.915536 66.912000
4.917168 66.912000
4.918800 66.912000
4.920432 66.912000
4.922064 66.912000
4.923696 66.912000
4.925328 66.912000
4.926960 66.912000
4.928592 66.912000
4.930224 66.912000
4.931856 66.912000
4.933088 67.712000
4.934720 67.712000
4.935136 68.544000
4.936768 68.544000
4.938400 68.544000
4.940032 68.544000
4.941664 68.544000
4.943296 68.544000
4.944928 68.544000
4.946560 68.544000
4.948192 68.544000
4.949824 68.544000
4.951456 68.544000
4.953088 68.544000
4.954720 68.544000
4.956352 68.544000
4.957984 68.544000
4.959616 68.544000
4.961248 68.544000
4.963280 67.744000
4.964912 67.744000
4.966544 67.744000
4.968176 67.744000
4.969808 67.744000
4.971840 68.544000
4.973472 68.544000
4.975104 68.544000
4.976736 68.544000
4.978368 68.544000
4.980000 68.544000
4.981632 68.544000
4.983264 68.544000
4.984896 68.544000
4.986528 68.544000
4.988160 68.544000
4.989792 68.544000
4.991424 68.544000
4.993056 68.544000
4.994688 68.544000
4.996320 68.544000
4.997952 68.544000
4.999584 68.544000
5.001216 68.544000
5.002848 68.544000
5.003680 68.544000
5.004496 70.176000
5.005728 69.376000
5.007360 69.376000
5.008992 69.376000
5.010624 69.376000
5.012656 70.176000
5.014288 70.176000
5.015920 70.176000
5.017552 70.176000
5.019184 70.176000
5.020816 70.176000
5.022448 70.176000
5.024080 70.176000
5.025712 70.176000
5.027344 70.176000
5.028976 70.176000
5.030608 70.176000
5.032240 70.176000
5.033872 70.176000
5.035504 70.176000
5.037136 70.176000
5.038768 70.176000
5.040800 69.376000
5.042432 69.376000
5.044064 69.376000
5.045696 69.376000
5.047328 69.376000
5.048960 69.376000
5.050592 69.376000
5.052224 69.376000
5.054256 70.176000
5.055888 70.176000
5.057520 70.176000
5.059152 70.176000
5.060784 70.176000
5.062416 70.176000
5.064048 70.176000
5.065680 70.176000
5.067312 70.176000
5.068944 70.176000
5.070576 70.176000
5.072208 70.176000
5.073040 70.176000
5.074672 70.176000
5.075904 70.976000
5.076320 71.808000
5.077952 71.808000
5.079584 71.808000
5.081216 71.808000
5.083248 71.008000
5.084880 71.008000
5.086512 71.008000
5.088144 71.008000
5.089776 71.008000
5.091408 71.008000
5.093040 71.008000
5.095072 71.808000
5.096704 71.808000
5.098336 71.808000
5.099968 71.808000
5.101600 71.808000
5.103232 71.808000
5.104864 71.808000
5.106496 71.808000
5.108128 71.808000
5.109760 71.808000
5.111392 71.808000
5.113024 71.808000
5.114656 71.808000
5.116288 71.808000
5.117920 71.808000
5.119552 71.808000
5.121184 71.808000
5.122816 71.808000
5.124848 71.008000
5.126480 71.008000
5.128112 71.008000
5.129744 71.008000
5.131376 71.008000
5.133008 71.008000
5.134640 71.008000
5.136672 71.808000
5.138304 71.808000
5.139936 71.808000
5.141568 71.808000
5.143200 71.808000
5.144032 71.808000
5.145664 71.808000
5.147296 71.808000
5.148528 72.608000
5.148944 73.440000
5.150576 73.440000
5.152208 73.440000
5.153840 73.440000
5.155472 73.440000
5.157104 73.440000
5.158736 73.440000
5.160368 73.440000
5.162000 73.440000
5.163632 73.440000
5.165264 73.440000
5.167296 72.640000
5.168928 72.640000
5.170560 72.640000
5.172192 72.640000
5.173824 72.640000
5.175456 72.640000
5.177488 73.440000
5.179120 73.440000
5.180752 73.440000
5.182384 73.440000
5.184016 73.440000
5.185648 73.440000
5.187280 73.440000
5.188912 73.440000
5.190544 73.440000
5.192176 73.440000
5.193808 73.440000
5.195440 73.440000
5.197072 73.440000
5.198704 73.440000
5.200336 73.440000
5.201968 73.440000
5.203600 73.440000
5.205232 73.440000
5.206864 73.440000
5.208896 72.640000
5.210528 72.640000
5.212160 72.640000
5.213792 72.640000
5.215424 72.640000
5.216656 73.440000
5.218288 73.440000
5.219920 73.440000
5.259907 150.150000
5.262346 150.099000
5.313244 103.379000
5.335670 63.392000
5.337302 63.392000
5.338934 63.392000
5.340566 63.392000
5.342198 63.392000
5.343830 63.392000
5.345462 63.392000
5.347094 63.392000
5.348726 63.392000
5.350358 63.392000
5.351990 63.392000
5.353622 63.392000
5.355254 63.392000
5.356886 63.392000
5.358518 63.392000
5.360150 63.392000
5.361782 63.392000
5.363414 63.392000
5.365046 63.392000
5.366678 63.392000
5.368701 62.611000
5.369516 64.243000
5.396547 63.226000
5.398662 62.592000
5.400294 62.592000
5.401926 62.592000
5.403558 62.592000
5.405190 62.592000
5.406822 62.592000
5.408454 62.592000
5.410086 62.592000
5.411718 62.592000
5.413350 62.592000
5.414982 62.592000
5.416614 62.592000
5.418246 62.592000
5.419062 64.224000
5.420294 63.424000
5.421926 63.424000
5.423558 63.424000
5.425190 63.424000
5.426822 63.424000
5.428454 63.424000
5.430486 64.224000
5.432118 64.224000
5.433750 64.224000
5.459456 62.592000
5.461254 62.592000
5.462886 62.592000
5.464518 62.592000
5.466150 62.592000
5.467782 62.592000
5.469414 62.592000
5.471046 62.592000
5.472678 62.592000
5.474310 62.592000
5.475942 62.592000
5.477574 62.592000
5.479206 62.592000
5.480838 62.592000
5.482870 63.392000
5.483286 64.224000
5.484518 65.024000
5.485750 64.224000
5.487382 64.224000
5.489014 64.224000
5.490646 64.224000
5.492278 64.224000
5.494710 64.224000
5.496342 64.224000
5.497974 64.224000
5.522048 62.592000
5.523846 62.592000
5.525478 62.592000
5.527110 62.592000
5.528742 62.592000
5.530374 62.592000
5.532006 62.592000
5.533638 62.592000
5.535670 63.392000
5.537302 63.392000
5.538934 63.392000
5.540566 63.392000
5.542198 63.392000
5.543830 63.392000
5.545862 62.592000
5.547094 63.392000
5.548726 63.392000
5.549142 64.224000
5.550374 65.024000
5.551606 64.224000
5.553238 64.224000
5.554870 64.224000
5.556502 64.224000
5.558934 64.224000
5.560566 64.224000
5.562198 64.224000
5.584640 62.592000
5.586438 62.592000
5.588470 63.392000
5.590102 63.392000
5.591734 63.392000
5.593366 63.392000
5.594998 63.392000
5.596630 63.392000
5.598662 62.592000
5.600294 62.592000
5.601926 62.592000
5.603558 62.592000
5.605190 62.592000
5.606822 62.592000
5.608454 62.592000
5.610086 62.592000
5.611718 62.592000
5.612950 63.392000
5.613366 64.224000
5.614998 64.224000
5.615830 64.224000
5.617462 64.224000
5.619094 64.224000
5.620726 64.224000
5.623158 64.224000
5.624790 64.224000
5.626422 64.224000
5.647232 62.592000
5.649347 63.226000
5.651462 62.592000
5.653094 62.592000
5.654726 62.592000
5.656358 62.592000
5.657990 62.592000
5.659622 62.592000
5.661254 62.592000
5.662886 62.592000
5.664518 62.592000
5.666150 62.592000
5.667782 62.592000
5.669414 62.592000
5.671046 62.592000
5.672678 62.592000
5.674310 62.592000
5.675942 62.592000
5.677174 63.392000
5.678806 63.392000
5.679222 64.224000
5.680454 65.024000
5.682086 65.024000
5.683718 65.024000
5.685350 65.024000
5.687382 64.224000
5.689014 64.224000
5.690646 64.224000
5.710144 63.232000
5.712256 62.592000
5.714054 62.592000
5.715686 62.592000
5.717318 62.592000
5.718950 62.592000
5.720582 62.592000
5.722214 62.592000
5.723846 62.592000
5.725478 62.592000
5.727110 62.592000
5.728742 62.592000
5.730374 62.592000
5.732006 62.592000
5.733638 62.592000
5.735670 63.392000
5.737302 63.392000
5.738934 63.392000
5.740566 63.392000
5.742198 63.392000
5.743030 63.392000
5.743846 65.024000
5.745078 64.224000
5.746710 64.224000
5.748342 64.224000
5.749974 64.224000
5.751606 64.224000
5.753238 64.224000
5.754870 64.224000
5.773056 62.592000
5.774848 62.592000
5.776646 62.592000
5.778278 62.592000
5.779910 62.592000
5.781542 62.592000
5.783174 62.592000
5.784806 62.592000
5.786438 62.592000
5.788470 63.392000
5.790102 63.392000
5.791734 63.392000
5.793366 63.392000
5.794998 63.392000
5.796630 63.392000
5.798662 62.592000
5.800294 62.592000
5.801926 62.592000
5.803558 62.592000
5.805190 62.592000
5.806422 63.392000
5.808054 63.392000
5.808886 63.392000
5.809702 65.024000
5.810934 64.224000
5.812566 64.224000
5.814198 64.224000
5.815830 64.224000
5.817462 64.224000
5.819094 64.224000
5.835648 62.592000
5.837440 62.592000
5.839238 62.592000
5.841270 63.392000
5.842902 63.392000
5.844534 63.392000
5.846166 63.392000
5.847798 63.392000
5.849430 63.392000
5.851462 62.592000
5.853094 62.592000
5.854726 62.592000
5.856358 62.592000
5.857990 62.592000
5.859622 62.592000
5.861254 62.592000
5.862886 62.592000
5.864518 62.592000
5.866150 62.592000
5.867782 62.592000
5.869414 62.592000
5.871046 62.592000
5.872278 63.392000
5.873910 63.392000
5.874326 64.224000
5.875558 65.024000
5.876790 64.224000
5.878422 64.224000
5.880054 64.224000
5.882086 65.024000
5.883718 65.024000
5.898240 62.592000
5.900032 62.592000
5.902147 63.226000
5.904262 62.592000
5.905894 62.592000
5.907526 62.592000
5.909158 62.592000
5.910790 62.592000
5.912422 62.592000
5.914054 62.592000
5.915686 62.592000
5.917318 62.592000
5.918950 62.592000
5.920582 62.592000
5.922214 62.592000
5.923846 62.592000
5.925478 62.592000
5.927110 62.592000
5.928742 62.592000
5.930374 62.592000
5.932006 62.592000
5.933638 62.592000
5.935670 63.392000
5.937302 63.392000
5.938134 63.392000
5.939766 63.392000
5.940582 65.024000
5.941414 65.024000
5.943046 65.024000
5.944678 65.024000
5.946710 64.224000
5.948342 64.224000
5.960832 62.592000
5.962944 63.232000
5.965056 62.592000
5.966854 62.592000
5.968486 62.592000
5.970118 62.592000
5.971750 62.592000
5.973382 62.592000
5.975014 62.592000
5.976646 62.592000
5.978278 62.592000
5.979910 62.592000
5.981542 62.592000
5.983174 62.592000
5.984806 62.592000
5.986438 62.592000
5.988470 63.392000
5.990102 63.392000
5.991734 63.392000
5.993366 63.392000
5.994998 63.392000
5.996630 63.392000
5.998662 62.592000
6.000294 62.592000
6.001526 63.392000
6.003158 63.392000
6.004790 63.392000
6.005206 64.224000
6.006438 65.024000
6.007670 64.224000
6.009302 64.224000
6.010934 64.224000
6.012566 64.224000
6.023744 63.232000
6.025856 62.592000
6.027648 62.592000
6.029446 62.592000
6.031078 62.592000
6.032710 62.592000
6.034342 62.592000
6.035974 62.592000
6.037606 62.592000
6.039238 62.592000
6.041270 63.392000
6.042902 63.392000
6.044534 63.392000
6.046166 63.392000
6.047798 63.392000
6.049430 63.392000
6.051462 62.592000
6.053094 62.592000
6.054726 62.592000
6.056358 62.592000
6.057990 62.592000
6.059622 62.592000
6.061254 62.592000
6.062886 62.592000
6.064518 62.592000
6.066150 62.592000
6.067782 62.592000
6.069014 63.392000
6.070646 63.392000
6.071062 64.224000
6.072294 65.024000
6.073526 64.224000
6.075158 64.224000
6.076790 64.224000
6.086656 62.592000
6.088448 62.592000
6.090240 62.592000
6.092038 62.592000
6.094070 63.392000
6.095702 63.392000
6.097334 63.392000
6.098966 63.392000
6.100598 63.392000
6.102230 63.392000
6.104262 62.592000
6.105894 62.592000
6.107526 62.592000
6.109158 62.592000
6.110790 62.592000
6.112422 62.592000
6.114054 62.592000
6.115686 62.592000
6.117318 62.592000
6.118950 62.592000
6.120582 62.592000
6.122214 62.592000
6.123846 62.592000
6.125478 62.592000
6.127110 62.592000
6.128742 62.592000
6.130374 62.592000
6.132006 62.592000
6.133638 62.592000
6.134870 63.392000
6.135686 65.024000
6.136918 64.224000
6.138150 65.024000
6.139782 65.024000
6.141414 65.024000
6.149248 62.592000
6.151040 62.592000
6.152832 62.592000
6.154947 63.226000
6.157062 62.592000
6.158694 62.592000
6.160326 62.592000
6.161958 62.592000
6.163590 62.592000
6.165222 62.592000
6.166854 62.592000
6.168486 62.592000
6.170118 62.592000
6.171750 62.592000
6.173382 62.592000
6.175014 62.592000
6.176646 62.592000
6.178278 62.592000
6.179910 62.592000
6.181542 62.592000
6.183174 62.592000
6.184806 62.592000
6.186438 62.592000
6.188470 63.392000
6.190102 63.392000
6.191734 63.392000
6.193366 63.392000
6.194998 63.392000
6.196630 63.392000
6.198262 63.392000
6.199894 63.392000
6.200726 63.392000
6.201542 65.024000
6.202774 64.224000
6.204406 64.224000
6.206038 64.224000
6.211840 62.592000
6.213632 62.592000
6.215744 63.232000
6.217856 62.592000
6.219654 62.592000
6.221286 62.592000
6.222918 62.592000
6.224550 62.592000
6.226182 62.592000
6.227814 62.592000
6.229446 62.592000
6.231078 62.592000
6.232710 62.592000
6.234342 62.592000
6.235974 62.592000
6.237606 62.592000
6.239238 62.592000
6.241270 63.392000
6.242902 63.392000
6.244534 63.392000
6.246166 63.392000
6.247798 63.392000
6.249430 63.392000
6.251462 62.592000
6.253094 62.592000
6.254726 62.592000
6.256358 62.592000
6.257990 62.592000
6.259622 62.592000
6.261254 62.592000
6.262886 62.592000
6.264118 63.392000
6.265750 63.392000
6.266166 64.224000
6.267398 65.024000
6.268630 64.224000
6.270262 64.224000
6.274432 62.592000
6.276544 63.232000
6.278656 62.592000
6.280448 62.592000
6.282246 62.592000
6.283878 62.592000
6.285510 62.592000
6.287142 62.592000
6.288774 62.592000
6.290406 62.592000
6.292038 62.592000
6.294070 63.392000
6.295702 63.392000
6.297334 63.392000
6.298966 63.392000
6.300598 63.392000
6.302230 63.392000
6.304262 62.592000
6.305894 62.592000
6.307526 62.592000
6.309158 62.592000
6.310790 62.592000
6.312422 62.592000
6.314054 62.592000
6.315686 62.592000
6.317318 62.592000
6.318950 62.592000
6.320582 62.592000
6.322214 62.592000
6.323846 62.592000
6.325478 62.592000
6.327110 62.592000
6.328742 62.592000
6.329974 63.392000
6.331606 63.392000
6.332022 64.224000
6.333254 65.024000
6.334886 65.024000
6.337779 64.102000
6.339811 63.302000
6.341523 63.142000
6.343235 62.982000
6.344950 62.816000
6.346982 63.616000
6.348614 63.616000
6.350246 63.616000
6.351878 63.616000
6.353510 63.616000
6.355142 63.616000
6.357174 62.816000
6.358806 62.816000
6.360438 62.816000
6.362070 62.816000
6.363702 62.816000
6.365334 62.816000
6.366966 62.816000
6.368598 62.816000
6.370230 62.816000
6.371862 62.816000
6.373494 62.816000
6.375126 62.816000
6.376758 62.816000
6.378390 62.816000
6.380022 62.816000
6.381654 62.816000
6.383286 62.816000
6.384918 62.816000
6.386550 62.816000
6.388582 63.616000
6.390214 63.616000
6.391846 63.616000
6.393478 63.616000
6.395110 63.616000
6.395942 63.616000
6.396758 65.248000
6.397990 64.448000
6.399622 64.448000
6.402054 64.448000
6.403686 64.448000
6.405318 64.448000
6.406950 64.448000
6.408582 64.448000
6.410614 63.648000
6.412246 63.648000
6.413878 63.648000
6.415510 63.648000
6.417142 63.648000
6.418774 63.648000
6.420406 63.648000
6.422038 63.648000
6.423670 63.648000
6.425302 63.648000
6.426934 63.648000
6.428566 63.648000
6.430598 64.448000
6.432230 64.448000
6.433862 64.448000
6.435494 64.448000
6.437126 64.448000
6.438758 64.448000
6.440390 64.448000
6.442022 64.448000
6.443654 64.448000
6.445286 64.448000
6.446918 64.448000
6.448550 64.448000
6.450182 64.448000
6.452214 63.648000
6.453846 63.648000
6.455478 63.648000
6.457110 63.648000
6.458742 63.648000
6.459974 64.448000
6.461606 64.448000
6.462438 64.448000
6.463254 66.080000
6.464486 65.280000
6.466918 65.280000
6.468550 65.280000
6.470182 65.280000
6.471814 65.280000
6.473446 65.280000
6.475078 65.280000
6.476710 65.280000
6.478342 65.280000
6.479974 65.280000
6.481606 65.280000
6.483238 65.280000
6.484870 65.280000
6.486502 65.280000
6.488134 65.280000
6.489766 65.280000
6.491398 65.280000
6.493030 65.280000
6.495462 65.280000
6.497094 65.280000
6.498726 65.280000
6.500358 65.280000
6.501990 65.280000
6.503622 65.280000
6.505254 65.280000
6.506886 65.280000
6.508518 65.280000
6.510150 65.280000
6.511782 65.280000
6.513414 65.280000
6.515046 65.280000
6.516678 65.280000
6.518310 65.280000
6.519942 65.280000
6.521574 65.280000
6.523206 65.280000
6.524838 65.280000
6.526470 65.280000
6.527702 66.080000
6.529334 66.080000
6.529750 66.912000
6.530982 67.712000
6.533014 66.912000
6.534646 66.912000
6.536278 66.912000
6.537910 66.912000
6.539542 66.912000
6.541174 66.912000
6.542806 66.912000
6.544438 66.912000
6.546070 66.912000
6.547702 66.912000
6.549334 66.912000
6.550966 66.912000
6.552598 66.912000
6.554230 66.912000
6.555862 66.912000
6.557494 66.912000
6.559126 66.912000
6.561558 66.912000
6.563190 66.912000
6.564822 66.912000
6.566454 66.912000
6.568086 66.912000
6.569718 66.912000
6.571350 66.912000
6.572982 66.912000
6.574614 66.912000
6.576246 66.912000
6.577878 66.912000
6.579510 66.912000
6.581142 66.912000
6.582774 66.912000
6.584406 66.912000
6.586038 66.912000
6.587670 66.912000
6.589302 66.912000
6.590934 66.912000
6.592566 66.912000
6.594198 66.912000
6.595830 66.912000
6.597062 67.712000
6.598694 67.712000
6.599110 68.544000
6.600742 68.544000
6.602374 68.544000
6.604006 68.544000
6.605638 68.544000
6.607270 68.544000
6.608902 68.544000
6.610534 68.544000
6.612166 68.544000
6.613798 68.544000
6.615430 68.544000
6.617062 68.544000
6.618694 68.544000
6.620326 68.544000
6.621958 68.544000
6.623590 68.544000
6.625222 68.544000
6.626854 68.544000
6.628886 67.744000
6.630518 67.744000
6.632150 67.744000
6.633782 67.744000
6.635414 67.744000
6.637446 68.544000
6.639078 68.544000
6.640710 68.544000
6.642342 68.544000
6.643974 68.544000
6.645606 68.544000
6.647238 68.544000
6.648870 68.544000
6.650502 68.544000
6.652134 68.544000
6.653766 68.544000
6.655398 68.544000
6.657030 68.544000
6.658662 68.544000
6.660294 68.544000
6.661926 68.544000
6.663558 68.544000
6.665190 68.544000
6.666822 68.544000
6.667654 68.544000
6.668470 70.176000
6.669702 69.376000
6.671334 69.376000
6.672966 69.376000
6.674598 69.376000
6.676230 69.376000
6.678262 70.176000
6.679894 70.176000
6.681526 70.176000
6.683158 70.176000
6.684790 70.176000
6.686422 70.176000
6.688054 70.176000
6.689686 70.176000
6.691318 70.176000
6.692950 70.176000
6.694582 70.176000
6.696214 70.176000
6.697846 70.176000
6.699478 70.176000
6.701110 70.176000
6.702742 70.176000
6.704374 70.176000
6.706406 69.376000
6.708038 69.376000
6.709670 69.376000
6.711302 69.376000
6.712934 69.376000
6.714566 69.376000
6.716198 69.376000
6.717830 69.376000
6.719862 70.176000
6.721494 70.176000
6.723126 70.176000
6.724758 70.176000
6.726390 70.176000
6.728022 70.176000
6.729654 70.176000
6.731286 70.176000
6.732918 70.176000
6.734550 70.176000
6.736182 70.176000
6.737014 70.176000
6.738646 70.176000
6.739878 70.976000
6.740294 71.808000
6.741926 71.808000
6.743558 71.808000
6.745190 71.808000
6.746822 71.808000
6.748854 71.008000
6.750486 71.008000
6.752118 71.008000
6.753750 71.008000
6.755382 71.008000
6.757014 71.008000
6.758646 71.008000
6.760678 71.808000
6.762310 71.808000
6.763942 71.808000
6.765574 71.808000
6.767206 71.808000
6.768838 71.808000
6.770470 71.808000
6.772102 71.808000
6.773734 71.808000
6.775366 71.808000
6.776998 71.808000
6.778630 71.808000
6.780262 71.808000
6.781894 71.808000
6.783526 71.808000
6.785158 71.808000
6.786790 71.808000
6.788422 71.808000
6.790454 71.008000
6.792086 71.008000
6.793718 71.008000
6.795350 71.008000
6.796982 71.008000
6.798614 71.008000
6.800246 71.008000
6.802278 71.808000
6.803910 71.808000
6.805542 71.808000
6.807174 71.808000
6.808006 71.808000
6.809638 71.808000
6.811270 71.808000
6.812502 72.608000
6.812918 73.440000
6.814550 73.440000
6.816182 73.440000
6.817814 73.440000
6.819446 73.440000
6.821078 73.440000
6.822710 73.440000
6.824342 73.440000
6.825974 73.440000
6.827606 73.440000
6.829238 73.440000
6.830870 73.440000
6.832902 72.640000
6.834534 72.640000
6.836166 72.640000
6.837798 72.640000
6.839430 72.640000
6.841062 72.640000
6.843094 73.440000
6.844726 73.440000
6.846358 73.440000
6.847990 73.440000
6.849622 73.440000
6.851254 73.440000
6.852886 73.440000
6.854518 73.440000
6.856150 73.440000
6.857782 73.440000
6.859414 73.440000
6.861046 73.440000
6.862678 73.440000
6.864310 73.440000
6.865942 73.440000
6.867574 73.440000
6.869206 73.440000
6.870838 73.440000
6.872470 73.440000
6.874502 72.640000
6.876134 72.640000
6.877766 72.640000
6.879398 72.640000
6.880630 73.440000
6.882262 73.440000
6.883894 73.440000
6.923882 150.151000
6.926320 150.100000
6.977220 103.379000
6.999245 62.592000
7.001277 63.392000
7.002909 63.392000
7.004541 63.392000
7.006173 63.392000
7.007805 63.392000
7.009437 63.392000
7.011069 63.392000
7.012701 63.392000
7.014333 63.392000
7.015965 63.392000
7.017597 63.392000
7.019229 63.392000
7.020861 63.392000
7.022493 63.392000
7.024125 63.392000
7.025757 63.392000
7.027389 63.392000
7.029021 63.392000
7.030653 63.392000
7.032675 62.611000
7.033091 63.443000
7.060205 62.592000
7.061837 62.592000
7.064269 62.592000
7.065901 62.592000
7.067533 62.592000
7.069165 62.592000
7.070797 62.592000
7.072429 62.592000
7.074061 62.592000
7.075693 62.592000
7.077325 62.592000
7.078957 62.592000
7.080589 62.592000
7.082221 62.592000
7.082637 63.424000
7.083869 62.624000
7.085485 62.592000
7.087117 62.592000
7.088749 62.592000
7.090381 62.592000
7.092013 62.592000
7.093645 62.592000
7.095277 62.592000
7.096109 62.592000
7.122797 62.592000
7.124429 62.592000
7.126861 62.592000
7.128493 62.592000
7.130125 62.592000
7.131757 62.592000
7.133389 62.592000
7.135021 62.592000
7.136653 62.592000
7.138285 62.592000
7.139917 62.592000
7.141549 62.592000
7.143181 62.592000
7.144813 62.592000
7.145645 62.592000
7.146477 62.592000
7.146893 63.424000
7.148109 62.656000
7.149709 62.592000
7.151341 62.592000
7.152973 62.592000
7.154605 62.592000
7.156237 62.592000
7.157869 62.592000
7.158701 62.592000
7.185389 62.592000
7.187021 62.592000
7.189453 62.592000
7.191085 62.592000
7.192717 62.592000
7.194349 62.592000
7.195981 62.592000
7.197613 62.592000
7.199245 62.592000
7.200877 62.592000
7.202509 62.592000
7.204141 62.592000
7.205773 62.592000
7.207405 62.592000
7.208237 62.592000
7.209069 62.592000
7.209901 62.592000
7.210317 63.424000
7.211149 63.424000
7.212349 62.688000
7.213933 62.592000
7.215565 62.592000
7.217197 62.592000
7.218829 62.592000
7.220461 62.592000
7.221293 62.592000
7.247981 62.592000
7.249613 62.592000
7.252045 62.592000
7.253677 62.592000
7.255309 62.592000
7.256941 62.592000
7.258573 62.592000
7.260205 62.592000
7.261837 62.592000
7.263469 62.592000
7.265101 62.592000
7.266733 62.592000
7.268365 62.592000
7.269997 62.592000
7.270829 62.592000
7.271661 62.592000
7.272493 62.592000
7.273325 62.592000
7.273741 63.424000
7.274573 63.424000
7.275405 63.424000
7.276589 62.720000
7.278157 62.592000
7.279789 62.592000
7.281421 62.592000
7.283053 62.592000
7.283885 62.592000
7.310573 62.592000
7.312205 62.592000
7.314637 62.592000
7.316269 62.592000
7.317901 62.592000
7.319533 62.592000
7.321165 62.592000
7.322797 62.592000
7.324429 62.592000
7.326061 62.592000
7.327693 62.592000
7.329325 62.592000
7.330957 62.592000
7.332589 62.592000
7.333421 62.592000
7.334253 62.592000
7.335085 62.592000
7.335917 62.592000
7.336749 62.592000
7.337581 62.592000
7.337997 63.424000
7.338829 63.424000
7.339661 63.424000
7.340829 62.752000
7.342381 62.592000
7.344013 62.592000
7.345645 62.592000
7.346477 62.592000
7.373165 62.592000
7.374797 62.592000
7.377229 62.592000
7.378861 62.592000
7.380493 62.592000
7.382125 62.592000
7.383757 62.592000
7.385389 62.592000
7.387021 62.592000
7.388653 62.592000
7.390285 62.592000
7.391917 62.592000
7.393549 62.592000
7.395181 62.592000
7.396013 62.592000
7.396845 62.592000
7.397677 62.592000
7.398509 62.592000
7.399341 62.592000
7.400173 62.592000
7.401005 62.592000
7.401421 63.424000
7.402253 63.424000
7.403085 63.424000
7.403917 63.424000
7.405069 62.784000
7.406605 62.592000
7.408237 62.592000
7.409069 62.592000
7.435757 62.592000
7.437389 62.592000
7.439821 62.592000
7.441453 62.592000
7.443085 62.592000
7.444717 62.592000
7.446349 62.592000
7.447981 62.592000
7.449613 62.592000
7.451245 62.592000
7.452877 62.592000
7.454509 62.592000
7.456141 62.592000
7.457773 62.592000
7.458605 62.592000
7.459437 62.592000
7.460269 62.592000
7.461101 62.592000
7.461933 62.592000
7.462765 62.592000
7.463597 62.592000
7.464429 62.592000
7.465261 62.592000
7.465677 63.424000
7.466509 63.424000
7.467341 63.424000
7.468173 63.424000
7.469309 62.816000
7.470829 62.592000
7.471661 62.592000
7.498349 62.592000
7.499981 62.592000
7.502413 62.592000
7.504045 62.592000
7.505677 62.592000
7.507309 62.592000
7.508941 62.592000
7.510573 62.592000
7.512205 62.592000
7.513837 62.592000
7.515469 62.592000
7.517101 62.592000
7.518733 62.592000
7.520365 62.592000
7.521197 62.592000
7.522029 62.592000
7.522861 62.592000
7.523693 62.592000
7.524525 62.592000
7.525357 62.592000
7.526189 62.592000
7.527021 62.592000
7.527853 62.592000
7.528685 62.592000
7.529101 63.424000
7.529933 63.424000
7.530765 63.424000
7.531597 63.424000
7.532429 63.424000
7.533549 62.848000
7.534381 62.848000
7.560941 62.592000
7.562573 62.592000
7.565005 62.592000
7.566637 62.592000
7.568269 62.592000
7.569901 62.592000
7.571533 62.592000
7.573165 62.592000
7.574797 62.592000
7.576429 62.592000
7.578061 62.592000
7.579693 62.592000
7.581325 62.592000
7.582957 62.592000
7.583789 62.592000
7.584621 62.592000
7.585453 62.592000
7.586285 62.592000
7.587117 62.592000
7.587949 62.592000
7.588781 62.592000
7.589613 62.592000
7.590445 62.592000
7.591277 62.592000
7.592109 62.592000
7.592941 62.592000
7.593357 63.424000
7.594189 63.424000
7.595021 63.424000
7.595853 63.424000
7.596685 63.424000
7.597517 63.424000
7.623533 62.592000
7.625165 62.592000
7.627597 62.592000
7.629229 62.592000
7.630861 62.592000
7.632493 62.592000
7.634125 62.592000
7.635757 62.592000
7.637389 62.592000
7.639021 62.592000
7.640653 62.592000
7.642285 62.592000
7.643917 62.592000
7.645549 62.592000
7.646381 62.592000
7.647213 62.592000
7.648045 62.592000
7.648877 62.592000
7.649709 62.592000
7.650541 62.592000
7.651373 62.592000
7.652205 62.592000
7.653037 62.592000
7.653869 62.592000
7.654701 62.592000
7.655533 62.592000
7.656365 62.592000
7.656781 63.424000
7.657613 63.424000
7.658445 63.424000
7.659277 63.424000
7.660109 63.424000
7.660941 63.424000
7.686125 62.592000
7.687757 62.592000
7.690189 62.592000
7.691821 62.592000
7.693453 62.592000
7.695085 62.592000
7.696717 62.592000
7.698349 62.592000
7.699981 62.592000
7.701613 62.592000
7.703245 62.592000
7.704877 62.592000
7.706509 62.592000
7.708141 62.592000
7.708973 62.592000
7.709805 62.592000
7.710637 62.592000
7.711469 62.592000
7.712301 62.592000
7.713133 62.592000
7.713965 62.592000
7.714797 62.592000
7.715629 62.592000
7.716461 62.592000
7.717293 62.592000
7.718125 62.592000
7.718957 62.592000
7.719789 62.592000
7.720621 62.592000
7.721037 63.424000
7.721869 63.424000
7.722701 63.424000
7.723533 63.424000
7.724365 63.424000
7.748717 62.592000
7.750349 62.592000
7.752781 62.592000
7.754413 62.592000
7.756045 62.592000
7.757677 62.592000
7.759309 62.592000
7.760941 62.592000
7.762573 62.592000
7.764205 62.592000
7.765837 62.592000
7.767469 62.592000
7.769101 62.592000
7.770733 62.592000
7.771565 62.592000
7.772397 62.592000
7.773229 62.592000
7.774061 62.592000
7.774893 62.592000
7.775725 62.592000
7.776557 62.592000
7.777389 62.592000
7.778221 62.592000
7.779053 62.592000
7.779885 62.592000
7.780717 62.592000
7.781549 62.592000
7.782381 62.592000
7.783213 62.592000
7.784045 62.592000
7.784461 63.424000
7.785293 63.424000
7.786125 63.424000
7.786957 63.424000
7.787789 63.424000
7.811309 62.592000
7.812941 62.592000
7.815373 62.592000
7.817005 62.592000
7.818637 62.592000
7.820269 62.592000
7.821901 62.592000
7.823533 62.592000
7.825165 62.592000
7.826797 62.592000
7.828429 62.592000
7.830061 62.592000
7.831693 62.592000
7.833325 62.592000
7.834157 62.592000
7.834989 62.592000
7.835821 62.592000
7.836653 62.592000
7.837485 62.592000
7.838317 62.592000
7.839149 62.592000
7.839981 62.592000
7.840813 62.592000
7.841645 62.592000
7.842477 62.592000
7.843309 62.592000
7.844141 62.592000
7.844973 62.592000
7.845805 62.592000
7.846637 62.592000
7.847469 62.592000
7.848301 62.592000
7.848717 63.424000
7.849549 63.424000
7.850381 63.424000
7.851213 63.424000
7.873901 62.592000
7.875533 62.592000
7.877965 62.592000
7.879597 62.592000
7.881229 62.592000
7.882861 62.592000
7.884493 62.592000
7.886125 62.592000
7.887757 62.592000
7.889389 62.592000
7.891021 62.592000
7.892653 62.592000
7.894285 62.592000
7.895917 62.592000
7.896749 62.592000
7.897581 62.592000
7.898413 62.592000
7.899245 62.592000
7.900077 62.592000
7.900909 62.592000
7.901741 62.592000
7.902573 62.592000
7.903405 62.592000
7.904237 62.592000
7.905069 62.592000
7.905901 62.592000
7.906733 62.592000
7.907565 62.592000
7.908397 62.592000
7.909229 62.592000
7.910061 62.592000
7.910893 62.592000
7.911725 62.592000
7.912141 63.424000
7.912973 63.424000
7.913805 63.424000
7.914637 63.424000
7.936493 62.592000
7.938125 62.592000
7.940557 62.592000
7.942189 62.592000
7.943821 62.592000
7.945453 62.592000
7.947085 62.592000
7.948717 62.592000
7.950349 62.592000
7.951981 62.592000
7.953613 62.592000
7.955245 62.592000
7.956877 62.592000
7.958509 62.592000
7.959341 62.592000
7.960173 62.592000
7.961005 62.592000
7.961837 62.592000
7.962669 62.592000
7.963501 62.592000
7.964333 62.592000
7.965165 62.592000
7.965997 62.592000
7.966829 62.592000
7.967661 62.592000
7.968493 62.592000
7.969325 62.592000
7.970157 62.592000
7.970989 62.592000
7.971821 62.592000
7.972653 62.592000
7.973485 62.592000
7.974317 62.592000
7.975149 62.592000
7.975981 62.592000
7.976397 63.424000
7.977229 63.424000
7.978061 63.424000
7.999085 62.592000
8.000717 62.592000
8.003149 62.592000
8.004781 62.592000
8.006413 62.592000
8.008045 62.592000
8.009677 62.592000
8.011309 62.592000
8.012941 62.592000
8.014573 62.592000
8.016205 62.592000
8.017837 62.592000
8.019469 62.592000
8.021101 62.592000
8.021933 62.592000
8.022765 62.592000
8.023597 62.592000
8.024429 62.592000
8.025261 62.592000
8.026093 62.592000
8.026925 62.592000
8.027757 62.592000
8.028589 62.592000
8.029421 62.592000
8.030253 62.592000
8.031085 62.592000
8.031917 62.592000
8.032749 62.592000
8.033581 62.592000
8.034413 62.592000
8.035245 62.592000
8.036077 62.592000
8.036909 62.592000
8.037741 62.592000
8.038573 62.592000
8.039405 62.592000
8.039821 63.424000
8.040653 63.424000
8.041485 63.424000
8.061677 62.592000
8.063309 62.592000
8.065741 62.592000
8.067373 62.592000
8.069005 62.592000
8.070637 62.592000
8.072269 62.592000
8.073901 62.592000
8.075533 62.592000
8.077165 62.592000
8.078797 62.592000
8.080429 62.592000
8.082061 62.592000
8.083693 62.592000
8.084525 62.592000
8.085357 62.592000
8.086189 62.592000
8.087021 62.592000
8.087853 62.592000
8.088685 62.592000
8.089517 62.592000
8.090349 62.592000
8.091181 62.592000
8.092013 62.592000
8.092845 62.592000
8.093677 62.592000
8.094509 62.592000
8.095341 62.592000
8.096173 62.592000
8.097005 62.592000
8.097837 62.592000
8.098669 62.592000
8.099501 62.592000
8.100333 62.592000
8.101165 62.592000
8.101997 62.592000
8.102829 62.592000
8.103661 62.592000
8.104077 63.424000
8.104909 63.424000
8.124269 62.592000
8.125901 62.592000
8.128333 62.592000
8.129965 62.592000
8.131597 62.592000
8.133229 62.592000
8.134861 62.592000
8.136493 62.592000
8.138125 62.592000
8.139757 62.592000
8.141389 62.592000
8.143021 62.592000
8.144653 62.592000
8.146285 62.592000
8.147117 62.592000
8.147949 62.592000
8.148781 62.592000
8.149613 62.592000
8.150445 62.592000
8.151277 62.592000
8.152109 62.592000
8.152941 62.592000
8.153773 62.592000
8.154605 62.592000
8.155437 62.592000
8.156269 62.592000
8.157101 62.592000
8.157933 62.592000
8.158765 62.592000
8.159597 62.592000
8.160429 62.592000
8.161261 62.592000
8.162093 62.592000
8.162925 62.592000
8.163757 62.592000
8.164589 62.592000
8.165421 62.592000
8.166253 62.592000
8.167085 62.592000
8.167501 63.424000
8.168333 63.424000
8.186861 62.592000
8.188493 62.592000
8.190925 62.592000
8.192557 62.592000
8.194189 62.592000
8.195821 62.592000
8.197453 62.592000
8.199085 62.592000
8.200717 62.592000
8.202349 62.592000
8.203981 62.592000
8.205613 62.592000
8.207245 62.592000
8.208877 62.592000
8.209709 62.592000
8.210541 62.592000
8.211373 62.592000
8.212205 62.592000
8.213037 62.592000
8.213869 62.592000
8.214701 62.592000
8.215533 62.592000
8.216365 62.592000
8.217197 62.592000
8.218029 62.592000
8.218861 62.592000
8.219693 62.592000
8.220525 62.592000
8.221357 62.592000
8.222189 62.592000
8.223021 62.592000
8.223853 62.592000
8.224685 62.592000
8.225517 62.592000
8.226349 62.592000
8.227181 62.592000
8.228013 62.592000
8.228845 62.592000
8.229677 62.592000
8.230509 62.592000
8.231341 62.592000
8.231757 63.424000
8.249453 62.592000
8.251085 62.592000
8.253517 62.592000
8.255149 62.592000
8.256781 62.592000
8.258413 62.592000
8.260045 62.592000
8.261677 62.592000
8.263309 62.592000
8.264941 62.592000
8.266573 62.592000
8.268205 62.592000
8.269837 62.592000
8.271469 62.592000
8.272301 62.592000
8.273133 62.592000
8.273965 62.592000
8.274797 62.592000
8.275629 62.592000
8.276461 62.592000
8.277293 62.592000
8.278125 62.592000
8.278957 62.592000
8.279789 62.592000
8.280621 62.592000
8.281453 62.592000
8.282285 62.592000
8.283117 62.592000
8.283949 62.592000
8.284781 62.592000
8.285613 62.592000
8.286445 62.592000
8.287277 62.592000
8.288109 62.592000
8.288941 62.592000
8.289773 62.592000
8.290605 62.592000
8.291437 62.592000
8.292269 62.592000
8.293101 62.592000
8.293933 62.592000
8.294765 62.592000
8.295181 63.424000
8.312045 62.592000
8.313677 62.592000
8.316109 62.592000
8.317741 62.592000
8.319373 62.592000
8.321005 62.592000
8.322637 62.592000
8.324269 62.592000
8.325901 62.592000
8.327533 62.592000
8.329165 62.592000
8.330797 62.592000
8.332429 62.592000
8.334061 62.592000
8.334893 62.592000
8.335725 62.592000
8.336557 62.592000
8.337389 62.592000
8.338221 62.592000
8.339053 62.592000
8.339885 62.592000
8.340717 62.592000
8.341549 62.592000
8.342381 62.592000
8.343213 62.592000
8.344045 62.592000
8.344877 62.592000
8.345709 62.592000
8.346541 62.592000
8.347373 62.592000
8.348205 62.592000
8.349037 62.592000
8.349869 62.592000
8.350701 62.592000
8.351533 62.592000
8.352365 62.592000
8.353197 62.592000
8.354029 62.592000
8.354861 62.592000
8.355693 62.592000
8.356525 62.592000
8.357357 62.592000
8.358189 62.592000
8.374637 62.592000
8.375053 63.424000
8.376285 62.624000
8.378701 62.592000
8.380333 62.592000
8.381965 62.592000
8.383597 62.592000
8.385229 62.592000
8.386861 62.592000
8.388493 62.592000
8.390125 62.592000
8.391757 62.592000
8.393389 62.592000
8.395021 62.592000
8.396653 62.592000
8.397485 62.592000
8.398317 62.592000
8.399149 62.592000
8.399981 62.592000
8.400813 62.592000
8.401645 62.592000
8.402477 62.592000
8.403309 62.592000
8.404141 62.592000
8.404973 62.592000
8.405805 62.592000
8.406637 62.592000
8.407469 62.592000
8.408301 62.592000
8.409133 62.592000
8.409965 62.592000
8.410797 62.592000
8.411629 62.592000
8.412461 62.592000
8.413293 62.592000
8.414125 62.592000
8.414957 62.592000
8.415789 62.592000
8.416621 62.592000
8.417453 62.592000
8.418285 62.592000
8.419117 62.592000
8.419949 62.592000
8.420781 62.592000
8.437229 62.592000
8.438061 62.592000
8.438477 63.424000
8.439309 63.424000
8.441293 62.592000
8.442925 62.592000
8.444557 62.592000
8.446189 62.592000
8.447821 62.592000
8.449453 62.592000
8.451085 62.592000
8.452717 62.592000
8.454349 62.592000
8.455981 62.592000
8.457613 62.592000
8.459245 62.592000
8.460077 62.592000
8.460909 62.592000
8.461741 62.592000
8.462573 62.592000
8.463405 62.592000
8.464237 62.592000
8.465069 62.592000
8.465901 62.592000
8.466733 62.592000
8.467565 62.592000
8.468397 62.592000
8.469229 62.592000
8.470061 62.592000
8.470893 62.592000
8.471725 62.592000
8.472557 62.592000
8.473389 62.592000
8.474221 62.592000
8.475053 62.592000
8.475885 62.592000
8.476717 62.592000
8.477549 62.592000
8.478381 62.592000
8.479213 62.592000
8.480045 62.592000
8.480877 62.592000
8.481709 62.592000
8.482541 62.592000
8.483373 62.592000
8.499821 62.592000
8.500653 62.592000
8.501485 62.592000
8.502317 62.592000
8.502733 63.424000
8.503933 62.688000
8.505517 62.592000
8.507149 62.592000
8.508781 62.592000
8.510413 62.592000
8.512045 62.592000
8.513677 62.592000
8.515309 62.592000
8.516941 62.592000
8.518573 62.592000
8.520205 62.592000
8.521837 62.592000
8.522669 62.592000
8.523501 62.592000
8.524333 62.592000
8.525165 62.592000
8.525997 62.592000
8.526829 62.592000
8.527661 62.592000
8.528493 62.592000
8.529325 62.592000
8.530157 62.592000
8.530989 62.592000
8.531821 62.592000
8.532653 62.592000
8.533485 62.592000
8.534317 62.592000
8.535149 62.592000
8.535981 62.592000
8.536813 62.592000
8.537645 62.592000
8.538477 62.592000
8.539309 62.592000
8.540141 62.592000
8.540973 62.592000
8.541805 62.592000
8.542637 62.592000
8.543469 62.592000
8.544301 62.592000
8.545133 62.592000
8.545965 62.592000
8.562413 62.592000
8.563245 62.592000
8.564077 62.592000
8.564909 62.592000
8.565741 62.592000
8.566157 63.424000
8.566989 63.424000
8.568173 62.720000
8.569741 62.592000
8.571373 62.592000
8.573005 62.592000
8.574637 62.592000
8.576269 62.592000
8.577901 62.592000
8.579533 62.592000
8.581165 62.592000
8.582797 62.592000
8.584429 62.592000
8.585261 62.592000
8.586093 62.592000
8.586925 62.592000
8.587757 62.592000
8.588589 62.592000
8.589421 62.592000
8.590253 62.592000
8.591085 62.592000
8.591917 62.592000
8.592749 62.592000
8.593581 62.592000
8.594413 62.592000
8.595245 62.592000
8.596077 62.592000
8.596909 62.592000
8.597741 62.592000
8.598573 62.592000
8.599405 62.592000
8.600237 62.592000
8.601069 62.592000
8.601901 62.592000
8.602733 62.592000
8.603565 62.592000
8.604397 62.592000
8.605229 62.592000
8.606061 62.592000
8.606893 62.592000
8.607725 62.592000
8.608557 62.592000
8.625005 62.592000
8.625837 62.592000
8.626669 62.592000
8.627501 62.592000
8.628333 62.592000
8.629165 62.592000
8.629997 62.592000
8.630413 63.424000
8.631245 63.424000
8.632413 62.752000
8.633965 62.592000
8.635597 62.592000
8.637229 62.592000
8.638861 62.592000
8.640493 62.592000
8.642125 62.592000
8.643757 62.592000
8.645389 62.592000
8.647021 62.592000
8.647853 62.592000
8.648685 62.592000
8.649517 62.592000
8.650349 62.592000
8.651181 62.592000
8.652013 62.592000
8.652845 62.592000
8.653677 62.592000
8.654509 62.592000
8.655341 62.592000
8.656173 62.592000
8.657005 62.592000
8.657837 62.592000
8.658669 62.592000
8.659501 62.592000
8.660333 62.592000
8.661165 62.592000
8.661997 62.592000
8.662829 62.592000
8.663661 62.592000
8.664493 62.592000
8.665325 62.592000
8.666157 62.592000
8.666989 62.592000
8.667821 62.592000
8.668653 62.592000
8.669485 62.592000
8.670317 62.592000
8.671149 62.592000
8.687597 62.592000
8.688429 62.592000
8.689261 62.592000
8.690093 62.592000
8.690925 62.592000
8.691757 62.592000
8.692589 62.592000
8.693421 62.592000
8.693837 63.424000
8.694669 63.424000
8.695501 63.424000
8.696653 62.784000
8.698189 62.592000
8.699821 62.592000
8.701453 62.592000
8.703085 62.592000
8.704717 62.592000
8.706349 62.592000
8.707981 62.592000
8.709613 62.592000
8.710445 62.592000
8.711277 62.592000
8.712109 62.592000
8.712941 62.592000
8.713773 62.592000
8.714605 62.592000
8.715437 62.592000
8.716269 62.592000
8.717101 62.592000
8.717933 62.592000
8.718765 62.592000
8.719597 62.592000
8.720429 62.592000
8.721261 62.592000
8.722093 62.592000
8.722925 62.592000
8.723757 62.592000
8.724589 62.592000
8.725421 62.592000
8.726253 62.592000
8.727085 62.592000
8.727917 62.592000
8.728749 62.592000
8.729581 62.592000
8.730413 62.592000
8.731245 62.592000
8.732077 62.592000
8.732909 62.592000
8.733741 62.592000
8.750189 62.592000
8.751021 62.592000
8.751853 62.592000
8.752685 62.592000
8.753517 62.592000
8.754349 62.592000
8.755181 62.592000
8.756013 62.592000
8.756845 62.592000
8.757677 62.592000
8.758093 63.424000
8.758925 63.424000
8.759757 63.424000
8.760893 62.816000
8.762413 62.592000
8.764045 62.592000
8.765677 62.592000
8.767309 62.592000
8.768941 62.592000
8.770573 62.592000
8.772205 62.592000
8.773037 62.592000
8.773869 62.592000
8.774701 62.592000
8.775533 62.592000
8.776365 62.592000
8.777197 62.592000
8.778029 62.592000
8.778861 62.592000
8.779693 62.592000
8.780525 62.592000
8.781357 62.592000
8.782189 62.592000
8.783021 62.592000
8.783853 62.592000
8.784685 62.592000
8.785517 62.592000
8.786349 62.592000
8.787181 62.592000
8.788013 62.592000
8.788845 62.592000
8.789677 62.592000
8.790509 62.592000
8.791341 62.592000
8.792173 62.592000
8.793005 62.592000
8.793837 62.592000
8.794669 62.592000
8.795501 62.592000
8.796333 62.592000
8.812781 62.592000
8.813613 62.592000
8.814445 62.592000
8.815277 62.592000
8.816109 62.592000
8.816941 62.592000
8.817773 62.592000
8.818605 62.592000
8.819437 62.592000
8.820269 62.592000
8.821101 62.592000
8.821517 63.424000
8.822349 63.424000
8.823181 63.424000
8.824013 63.424000
8.825133 62.848000
8.826637 62.592000
8.828269 62.592000
8.829901 62.592000
8.831533 62.592000
8.833165 62.592000
8.834797 62.592000
8.835629 62.592000
8.836461 62.592000
8.837293 62.592000
8.838125 62.592000
8.838957 62.592000
8.839789 62.592000
8.840621 62.592000
8.841453 62.592000
8.842285 62.592000
8.843117 62.592000
8.843949 62.592000
8.844781 62.592000
8.845613 62.592000
8.846445 62.592000
8.847277 62.592000
8.848109 62.592000
8.848941 62.592000
8.849773 62.592000
8.850605 62.592000
8.851437 62.592000
8.852269 62.592000
8.853101 62.592000
8.853933 62.592000
8.854765 62.592000
8.855597 62.592000
8.856429 62.592000
8.857261 62.592000
8.858093 62.592000
8.858925 62.592000
8.875373 62.592000
8.876205 62.592000
8.877037 62.592000
8.877869 62.592000
8.878701 62.592000
8.879533 62.592000
8.880365 62.592000
8.881197 62.592000
8.882029 62.592000
8.882861 62.592000
8.883693 62.592000
8.884525 62.592000
8.885357 62.592000
8.885773 63.424000
8.886605 63.424000
8.887437 63.424000
8.888269 63.424000
8.889373 62.880000
8.890861 62.592000
8.892493 62.592000
8.894125 62.592000
8.895757 62.592000
8.897389 62.592000
8.898221 62.592000
8.899053 62.592000
8.899885 62.592000
8.900717 62.592000
8.901549 62.592000
8.902381 62.592000
8.903213 62.592000
8.904045 62.592000
8.904877 62.592000
8.905709 62.592000
8.906541 62.592000
8.907373 62.592000
8.908205 62.592000
8.909037 62.592000
8.909869 62.592000
8.910701 62.592000
8.911533 62.592000
8.912365 62.592000
8.913197 62.592000
8.914029 62.592000
8.914861 62.592000
8.915693 62.592000
8.916525 62.592000
8.917357 62.592000
8.918189 62.592000
8.919021 62.592000
8.919853 62.592000
8.920685 62.592000
8.921517 62.592000
8.937965 62.592000
8.938797 62.592000
8.939629 62.592000
8.940461 62.592000
8.941293 62.592000
8.942125 62.592000
8.942957 62.592000
8.943789 62.592000
8.944621 62.592000
8.945453 62.592000
8.946285 62.592000
8.947117 62.592000
8.947949 62.592000
8.948781 62.592000
8.949197 63.424000
8.950029 63.424000
8.950861 63.424000
8.951693 63.424000
8.952525 63.424000
8.953613 62.912000
8.955085 62.592000
8.956717 62.592000
8.958349 62.592000
8.959981 62.592000
8.960813 62.592000
8.961645 62.592000
8.962477 62.592000
8.963309 62.592000
8.964141 62.592000
8.964973 62.592000
8.965805 62.592000
8.966637 62.592000
8.967469 62.592000
8.968301 62.592000
8.969133 62.592000
8.969965 62.592000
8.970797 62.592000
8.971629 62.592000
8.972461 62.592000
8.973293 62.592000
8.974125 62.592000
8.974957 62.592000
8.975789 62.592000
8.976621 62.592000
8.977453 62.592000
8.978285 62.592000
8.979117 62.592000
8.979949 62.592000
8.980781 62.592000
8.981613 62.592000
8.982445 62.592000
8.983277 62.592000
8.984109 62.592000
9.000557 62.592000
9.001389 62.592000
9.002221 62.592000
9.003053 62.592000
9.003885 62.592000
9.004717 62.592000
9.005549 62.592000
9.006381 62.592000
9.007213 62.592000
9.008045 62.592000
9.008877 62.592000
9.009709 62.592000
9.010541 62.592000
9.011373 62.592000
9.012205 62.592000
9.013037 62.592000
9.013453 63.424000
9.014285 63.424000
9.015117 63.424000
9.015949 63.424000
9.016781 63.424000
9.017853 62.944000
9.019309 62.592000
9.020941 62.592000
9.022573 62.592000
9.023405 62.592000
9.024237 62.592000
9.025069 62.592000
9.025901 62.592000
9.026733 62.592000
9.027565 62.592000
9.028397 62.592000
9.029229 62.592000
9.030061 62.592000
9.030893 62.592000
