60.192
62.592
63.424
62.592
63.424
63.424
64.256
62.592
63.424
63.424
64.256
64.256
65.088
65.088
65.92
62.592
63.424
63.424
64.256
64.256
65.088
65.088
65.92
65.92
66.752
66.752
67.584
67.584
68.416
182.861
120.269
132.787
132.787
132.787
132.787
132.768
176.224
125.242
62.592
63.424
62.592
63.424
63.424
64.256
64.256
65.088
65.088
65.92
65.939
66.771
62.592
63.424
63.443
63.443
63.443
62.592
62.592
62.592
62.592
62.592
62.592
63.424
63.424
63.424
63.424
63.424
62.592
62.592
62.592
62.592
62.592
62.592
62.592
62.592
62.592
62.592
62.592
62.592
62.592
63.424
63.424
63.424
63.424
62.592
62.592
62.592
62.592
62.592
62.592
62.592
62.592
62.592
62.592
62.592
62.592
62.592
62.592
63.424
63.424
63.424
63.424
62.592
62.592
62.592
62.592
62.592
62.592
62.592
62.592
62.592
62.592
62.592
62.592
62.592
62.592
62.592
62.592
63.424
63.424
63.424
62.592
62.592
62.592
62.592
62.592
62.592
62.592
62.592
62.592
62.592
62.592
62.592
62.592
62.592
62.592
62.592
62.592
63.424
63.424
63.424
62.592
62.592
62.592
62.592
62.592
62.592
62.592
62.592
62.592
62.592
62.592
62.592
62.592
62.592
62.592
62.592
62.592
62.592
62.592
63.424
63.424
62.592
62.592
62.592
62.592
62.592
62.592
62.592
62.592
62.592
62.592
62.592
62.592
62.592
62.592
62.592
62.592
62.592
62.592
62.592
62.592
63.424
63.424
62.592
62.592
62.592
62.592
62.592
62.592
62.592
62.592
62.592
62.592
62.592
62.592
62.592
62.592
62.592
62.592
62.592
62.592
62.592
62.592
62.592
62.592
63.424
62.592
62.592
62.592
62.592
62.592
62.592
62.592
62.592
62.592
62.592
62.592
62.592
62.592
62.592
62.592
62.592
62.592
62.592
62.592
62.592
62.592
62.592
62.592
63.424
62.592
62.592
62.592
62.592
62.592
62.592
62.592
62.592
62.592
62.592
62.592
62.592
62.592
62.592
62.592
62.592
62.592
62.592
62.592
62.592
62.592
62.592
62.592
62.592
62.592
63.424
63.424
63.424
63.424
63.424
62.592
62.592
62.592
62.592
62.592
62.592
62.592
62.592
62.592
62.592
62.592
62.592
62.592
62.592
62.592
62.592
62.592
62.592
62.592
62.592
62.592
63.424
63.424
63.424
63.424
63.424
62.592
62.592
62.592
62.592
62.592
62.592
62.592
62.592
62.592
62.592
62.592
62.592
62.592
62.592
62.592
62.592
62.592
62.592
62.592
62.592
62.592
62.592
62.592
63.424
63.424
63.424
63.424
62.592
62.592
62.592
62.592
62.592
62.592
62.592
62.592
62.592
62.592
62.592
62.592
62.592
62.592
62.592
62.592
62.592
62.592
62.592
62.592
62.592
62.592
62.592
62.592
63.424
63.424
63.424
63.424
62.592
62.592
62.592
62.592
62.592
62.592
62.592
62.592
62.592
62.592
62.592
62.592
62.592
62.592
62.592
62.592
62.592
62.592
62.592
62.592
62.592
62.592
62.592
62.592
62.592
62.592
63.424
63.424
63.424
62.592
62.592
62.592
62.592
62.592
62.592
62.592
62.592
62.592
62.592
62.592
62.592
62.592
62.592
62.592
62.592
62.592
62.592
62.592
62.592
62.592
62.592
62.592
62.592
62.592
62.592
62.592
63.424
63.424
63.424
62.592
62.592
62.592
62.592
62.592
62.592
62.592
62.592
62.592
62.592
62.592
62.592
62.592
62.592
62.592
62.592
62.592
62.592
62.592
62.592
62.592
62.592
62.592
62.592
62.592
62.592
62.592
62.592
62.592
63.424
63.424
62.592
62.592
62.592
62.592
62.592
62.592
62.592
62.592
62.592
62.592
62.592
62.592
62.592
62.592
62.592
62.592
62.592
62.592
62.592
62.592
62.592
62.592
62.592
62.592
62.592
62.592
62.592
62.592
62.592
62.592
63.424
63.424
62.592
62.592
62.592
62.592
62.592
62.592
62.592
62.592
62.592
62.592
62.592
62.592
62.592
62.592
62.592
62.592
62.592
62.592
62.592
62.592
62.592
62.592
62.592
62.592
62.592
62.592
62.592
62.592
62.592
62.592
62.592
63.424
63.424
62.592
62.592
62.592
62.592
62.592
62.592
62.592
62.592
62.592
62.592
62.592
62.592
62.592
62.592
62.592
62.592
62.592
62.592
62.592
62.592
62.592
62.592
62.592
62.592
62.592
62.592
62.592
62.592
62.592
62.592
62.592
62.592
62.592
63.424
62.592
62.592
62.592
62.592
62.592
62.592
62.592
62.592
62.592
62.592
62.592
62.592
62.592
62.592
62.592
62.592
62.592
62.592
62.592
62.592
62.592
62.592
62.592
62.592
62.592
62.592
62.592
62.592
62.592
62.592
62.592
62.592
62.592
62.592
63.424
62.592
62.592
62.592
62.592
62.592
62.592
62.592
62.592
62.592
62.592
62.592
62.592
62.592
62.592
62.592
62.592
62.592
62.592
62.592
62.592
62.592
62.592
62.592
62.592
62.592
62.592
62.592
62.592
62.592
62.592
62.592
62.592
62.592
62.592
62.592
62.592
63.424
63.424
63.424
63.424
63.424
63.424
63.424
63.424
63.424
63.424
63.424
63.424
63.424
63.424
63.424
63.424
63.424
63.424
63.424
62.592
62.592
62.592
62.592
62.592
62.592
62.592
62.592
62.592
62.592
62.592
62.592
62.592
62.592
62.592
62.592
62.592
62.592
63.424
63.424
63.424
63.424
63.424
63.424
63.424
63.424
63.424
63.424
63.424
63.424
63.424
63.424
63.424
63.424
63.424
63.424
63.424
62.592
62.592
62.592
62.592
62.592
62.592
62.592
62.592
62.592
62.592
62.592
62.592
62.592
62.592
62.592
62.592
62.592
62.592
62.592
62.592
63.424
63.424
63.424
63.424
63.424
63.424
63.424
63.424
63.424
63.424
63.424
63.424
63.424
63.424
63.424
63.424
63.424
63.424
62.72
62.72
63.52
63.52
64.32
65.12
65.12
65.92
65.92
66.72
66.72
67.52
67.52
68.32
68.32
69.12
68.237
69.037
69.037
69.037
69.037
69.869
69.869
69.869
69.869
69.869
69.869
141.415
141.363
181.786
113.556
62.592
62.592
63.392
63.392
63.392
63.392
63.392
64.192
64.192
64.192
64.992
64.992
65.792
65.792
66.592
66.612
67.444
62.592
64.224
63.443
63.443
63.443
63.443
63.443
63.443
64.243
64.243
64.243
64.243
64.243
64.243
65.043
65.043
65.043
65.043
65.843
65.843
62.592
62.592
63.392
64.224
64.224
64.224
64.224
64.224
64.224
64.224
64.224
64.224
64.224
65.024
65.024
65.024
65.024
65.024
65.024
65.024
65.024
62.592
62.592
62.592
63.392
65.024
64.224
64.224
64.224
64.224
64.224
64.224
64.224
64.224
64.224
64.224
64.224
64.224
64.224
65.024
65.024
64.224
65.024
63.315
63.315
63.315
63.315
63.315
63.315
64.947
64.147
64.147
64.147
64.147
64.147
64.147
64.147
64.147
64.147
64.147
64.147
64.147
64.147
64.147
64.147
64.147
62.592
62.592
62.592
62.592
62.592
63.392
63.392
64.224
65.024
64.224
64.224
64.224
64.224
64.224
64.224
64.224
64.224
64.224
64.224
64.224
65.024
65.024
65.024
65.024
62.592
62.592
62.592
62.592
62.592
62.592
62.592
63.392
64.224
64.224
64.224
64.224
64.224
64.224
65.024
65.024
65.024
65.024
65.024
65.024
65.024
64.224
64.224
64.224
64.224
62.592
62.592
62.592
62.592
62.592
62.592
62.592
63.392
63.392
63.392
65.024
65.024
65.024
65.024
65.024
64.224
64.224
64.224
64.224
64.224
64.224
64.224
64.224
64.224
64.224
64.224
62.592
63.392
63.392
63.392
63.392
63.392
63.392
62.592
63.392
63.392
63.392
64.224
65.024
64.224
64.224
64.224
64.224
64.224
64.224
64.224
64.224
64.224
64.224
64.224
64.224
64.224
64.224
63.232
62.592
62.592
62.592
62.592
62.592
62.592
62.592
62.592
62.592
62.592
63.392
63.392
64.224
65.024
64.224
64.224
64.224
64.224
64.224
64.224
65.024
65.024
65.024
65.024
65.024
65.024
65.024
62.592
62.592
62.592
62.592
62.592
62.592
62.592
62.592
62.592
62.592
62.592
62.592
62.592
63.392
65.024
64.224
65.024
65.024
65.024
65.024
65.024
65.024
64.224
64.224
64.224
64.224
64.224
64.224
64.224
62.592
62.592
62.592
62.592
62.592
62.592
62.592
62.592
63.392
63.392
63.392
63.392
63.392
63.392
63.392
63.392
65.024
64.224
64.224
64.224
64.224
64.224
64.224
64.224
64.224
64.224
64.224
64.224
64.224
64.224
62.592
62.592
63.392
63.392
63.392
63.392
63.392
63.392
62.592
62.592
62.592
62.592
62.592
62.592
62.592
63.392
63.392
64.224
65.024
64.224
64.224
64.224
64.224
64.224
64.224
64.224
64.224
64.224
65.024
65.024
65.024
62.592
63.232
62.592
62.592
62.592
62.592
62.592
62.592
62.592
62.592
62.592
62.592
62.592
62.592
62.592
62.592
62.592
63.392
63.392
64.224
65.024
65.024
65.024
65.024
65.024
65.024
65.024
65.024
65.024
64.224
64.224
64.224
63.232
62.592
62.592
62.592
62.592
62.592
62.592
62.592
62.592
62.592
62.592
62.592
62.592
62.592
62.592
63.392
63.392
63.392
63.392
63.392
65.024
64.224
64.224
64.224
64.224
64.224
64.224
64.224
64.224
64.224
64.224
64.224
64.224
62.592
62.592
62.592
62.592
62.592
62.592
62.592
62.592
62.592
63.392
63.392
63.392
63.392
63.392
63.392
62.592
62.592
62.592
62.592
63.392
63.392
63.392
65.024
64.224
64.224
64.224
64.224
64.224
64.224
64.224
64.224
64.224
64.224
64.224
62.592
62.592
62.592
63.392
63.392
63.392
63.392
63.392
63.392
62.592
62.592
62.592
62.592
62.592
62.592
62.592
62.592
62.592
62.592
62.592
62.592
63.392
63.392
64.224
65.024
64.224
64.224
64.224
64.224
65.024
65.024
65.024
65.024
65.024
65.024
62.592
62.592
63.232
62.592
62.592
62.592
62.592
62.592
62.592
62.592
62.592
62.592
62.592
62.592
62.592
62.592
62.592
62.592
62.592
62.592
62.592
62.592
63.392
63.392
63.392
65.024
65.024
65.024
65.024
65.024
64.224
64.224
64.224
64.224
64.224
64.224
62.592
63.232
62.592
62.592
62.592
62.592
62.592
62.592
62.592
62.592
62.592
62.592
62.592
62.592
62.592
62.592
63.392
63.392
63.392
63.392
63.392
63.392
62.592
63.392
63.392
63.392
64.224
65.024
64.224
64.224
64.224
64.224
64.224
64.224
64.224
64.224
64.224
63.232
62.592
62.592
62.592
62.592
62.592
62.592
62.592
62.592
62.592
63.392
63.392
63.392
63.392
63.392
63.392
62.592
62.592
62.592
62.592
62.592
62.592
62.592
62.592
62.592
62.592
63.392
63.392
64.224
65.024
64.224
64.224
64.224
64.224
64.224
64.224
65.024
65.024
63.296
63.136
62.976
62.816
63.616
63.616
63.616
63.616
63.616
63.616
62.816
62.816
62.816
62.816
62.816
62.816
62.816
62.816
62.816
62.816
62.816
62.816
62.816
62.816
62.816
62.816
62.816
62.816
63.616
65.248
64.448
65.248
65.248
65.248
65.248
65.248
65.248
64.448
64.448
64.448
64.448
64.448
64.448
63.648
63.648
63.648
63.648
63.648
63.648
63.648
63.648
63.648
63.648
63.648
63.648
64.448
64.448
64.448
64.448
64.448
64.448
64.448
64.448
64.448
64.448
64.448
64.448
64.448
64.448
64.448
66.08
65.28
65.28
65.28
65.28
65.28
65.28
65.28
65.28
65.28
65.28
65.28
65.28
65.28
65.28
65.28
65.28
65.28
65.28
65.28
65.28
65.28
65.28
65.28
65.28
65.28
65.28
65.28
65.28
65.28
65.28
65.28
65.28
65.28
65.28
65.28
65.28
65.28
65.28
66.08
66.08
66.912
67.712
66.912
66.912
66.912
66.912
66.912
66.912
66.912
66.912
66.912
66.912
66.912
66.912
66.912
66.912
66.912
66.912
66.912
66.912
66.912
66.912
66.912
66.912
66.912
66.912
66.912
66.912
66.912
66.912
66.912
66.912
66.912
66.912
66.912
66.912
66.912
66.912
66.912
66.912
66.912
66.912
66.912
68.544
68.544
68.544
68.544
68.544
68.544
68.544
68.544
68.544
68.544
68.544
68.544
68.544
68.544
68.544
68.544
68.544
68.544
68.544
68.544
68.544
68.544
68.544
68.544
67.744
67.744
67.744
67.744
67.744
68.544
68.544
68.544
68.544
68.544
68.544
68.544
68.544
68.544
68.544
68.544
68.544
68.544
141.158
141.939
101.53
63.194
63.194
63.194
63.194
63.194
63.194
63.194
63.194
63.194
63.194
62.592
62.592
62.592
63.392
63.392
63.392
63.392
62.592
62.611
64.243
62.592
62.592
64.224
63.424
63.424
63.424
63.424
63.424
63.424
63.424
63.424
63.424
63.226
63.226
64.026
64.026
64.026
64.026
64.026
64.026
64.026
64.026
62.592
62.592
62.592
64.224
64.224
64.224
64.224
64.224
64.224
64.224
64.224
64.224
64.224
64.224
64.224
64.224
64.224
64.224
64.224
64.224
64.224
64.224
64.224
62.592
62.592
62.592
62.592
63.392
64.224
64.224
64.224
64.224
64.224
64.224
64.224
64.224
64.224
64.224
64.224
64.224
64.224
64.224
64.224
64.224
64.224
64.224
64.224
62.592
63.392
63.392
63.392
63.392
63.392
65.024
64.224
64.224
64.224
64.224
64.224
64.224
64.224
64.224
64.224
64.224
64.224
64.224
64.224
64.224
64.224
64.224
64.224
64.224
63.232
62.592
62.592
62.592
62.592
63.392
63.392
63.392
65.024
64.224
64.224
64.224
64.224
64.224
64.224
64.224
64.224
64.224
64.224
64.224
64.224
64.224
64.224
64.224
64.224
64.224
62.592
62.592
62.592
62.592
62.592
62.592
62.592
63.392
63.392
64.224
65.024
64.224
64.224
64.224
64.224
65.024
65.024
65.024
65.024
64.224
64.224
64.224
64.224
64.224
64.224
64.224
64.224
62.592
62.592
62.592
62.592
62.592
62.592
62.592
62.592
63.392
63.392
63.392
65.024
65.024
65.024
65.024
65.024
64.224
64.224
64.224
64.224
64.224
64.224
64.224
64.224
64.224
64.224
64.224
64.224
62.592
62.592
63.392
63.392
63.392
63.392
63.392
63.392
62.592
63.392
63.392
63.392
64.224
65.024
64.224
64.224
64.224
64.224
64.224
64.224
64.224
64.224
64.224
64.224
64.224
64.224
64.224
64.224
65.024
62.592
63.232
62.592
62.592
62.592
62.592
62.592
62.592
62.592
62.592
62.592
62.592
63.392
63.392
64.224
65.024
64.224
64.224
64.224
64.224
64.224
64.224
65.024
65.024
65.024
65.024
65.024
65.024
65.024
64.224
63.232
62.592
62.592
62.592
62.592
62.592
62.592
62.592
62.592
62.592
62.592
62.592
62.592
62.592
63.392
65.024
64.224
65.024
65.024
65.024
65.024
65.024
65.024
64.224
64.224
64.224
64.224
64.224
64.224
64.224
64.224
62.592
62.592
62.592
62.592
62.592
62.592
62.592
62.592
62.592
63.392
63.392
63.392
63.392
63.392
63.392
63.392
63.392
65.024
64.224
64.224
64.224
64.224
64.224
64.224
64.224
64.224
64.224
64.224
64.224
64.224
64.224
64.224
62.592
62.592
62.592
63.392
63.392
63.392
63.392
63.392
63.392
62.592
62.592
62.592
62.592
62.592
62.592
62.592
63.392
63.392
64.224
65.024
64.224
64.224
64.224
64.224
64.224
64.224
64.224
64.224
64.224
65.024
65.024
65.024
65.024
62.592
62.592
63.232
62.592
62.592
62.592
62.592
62.592
62.592
62.592
62.592
62.592
62.592
62.592
62.592
62.592
62.592
62.592
63.392
63.392
64.224
65.024
65.024
65.024
65.024
65.024
65.024
65.024
65.024
65.024
64.224
64.224
64.224
64.224
62.592
63.232
62.592
62.592
62.592
62.592
62.592
62.592
62.592
62.592
62.592
62.592
62.592
62.592
62.592
62.592
63.392
63.392
63.392
63.392
63.392
65.024
64.224
64.224
64.224
64.224
64.224
64.224
64.224
64.224
64.224
64.224
64.224
64.224
64.224
63.232
62.592
62.592
62.592
62.592
62.592
62.592
62.592
62.592
62.592
63.392
63.392
63.392
63.392
63.392
63.392
62.592
62.592
62.592
62.592
63.392
63.392
63.392
65.024
64.224
64.224
64.224
64.224
64.224
64.224
64.224
64.224
64.224
64.224
64.224
64.224
62.592
62.592
62.592
62.592
63.392
63.392
63.392
63.392
63.392
63.392
62.592
62.592
62.592
62.592
62.592
62.592
62.592
62.592
62.592
62.592
62.592
62.592
63.392
63.392
64.224
65.024
64.224
64.224
64.224
64.224
65.024
65.024
65.024
65.024
65.024
65.024
65.024
62.592
62.592
62.592
63.232
62.592
62.592
62.592
62.592
62.592
62.592
62.592
62.592
62.592
62.592
62.592
62.592
62.592
62.592
62.592
62.592
62.592
62.592
62.592
63.392
63.392
63.392
65.024
65.024
65.024
65.024
65.024
64.224
64.224
64.224
64.224
64.224
64.224
64.224
63.296
63.136
63.776
62.976
62.816
62.816
62.816
62.816
62.816
62.816
62.816
62.816
62.816
62.816
62.816
62.816
62.816
63.616
63.616
63.616
63.616
63.616
63.616
62.816
63.616
63.616
63.616
64.448
65.248
64.448
64.448
64.448
64.448
64.448
64.448
64.448
64.448
64.448
64.448
64.448
64.448
63.648
63.648
64.448
64.448
64.448
64.448
64.448
64.448
64.448
64.448
64.448
64.448
64.448
64.448
64.448
63.648
63.648
63.648
63.648
63.648
63.648
63.648
63.648
63.648
63.648
64.448
64.448
66.08
66.08
66.08
66.08
66.08
66.08
66.08
66.08
66.08
66.08
66.08
65.28
65.28
65.28
65.28
65.28
65.28
65.28
65.28
65.28
65.28
65.28
65.28
65.28
65.28
65.28
65.28
65.28
65.28
65.28
65.28
65.28
65.28
65.28
65.28
65.28
65.28
65.28
65.28
65.28
65.28
66.912
66.912
66.912
66.912
66.912
66.912
66.912
66.912
66.912
66.912
66.912
66.912
66.912
66.912
66.912
66.912
66.912
66.912
66.912
66.912
66.912
66.912
66.912
66.912
66.912
66.912
66.912
66.912
66.912
66.912
66.912
66.912
66.912
66.912
66.912
66.912
66.912
66.912
66.912
66.912
66.912
66.912
68.544
68.544
68.544
68.544
68.544
68.544
68.544
68.544
68.544
68.544
68.544
68.544
68.544
68.544
68.544
67.744
67.744
67.744
67.744
67.744
68.544
68.544
68.544
68.544
68.544
68.544
68.544
68.544
68.544
68.544
68.544
68.544
68.544
68.544
68.544
68.544
68.544
68.544
68.544
68.544
68.544
68.544
68.544
68.544
142.022
131.974
65.024
63.373
63.373
64.192
65.024
62.592
62.592
63.392
63.392
63.392
63.392
63.392
63.392
63.392
62.592
62.592
62.592
62.592
62.592
62.592
62.592
63.392
63.411
63.411
63.411
63.411
63.411
62.592
63.226
62.592
62.592
62.592
62.592
62.592
62.592
62.592
62.592
62.592
62.592
62.592
62.592
62.592
62.592
62.592
62.592
62.592
64.224
63.424
63.424
64.224
62.592
62.592
62.592
62.592
62.592
62.592
62.592
62.592
62.592
62.592
62.592
62.592
62.592
62.592
62.592
63.392
63.392
63.392
63.392
63.392
64.224
65.024
64.224
64.224
62.592
62.592
62.592
62.592
62.592
62.592
62.592
62.592
62.592
63.392
63.392
63.392
63.392
63.392
63.392
62.592
62.592
62.592
62.592
62.592
63.392
63.392
64.224
65.024
64.224
63.213
62.592
62.592
63.392
63.392
63.392
63.392
63.392
63.392
62.592
62.592
62.592
62.592
62.592
62.592
62.592
62.592
62.592
62.592
62.592
62.592
62.592
63.392
64.224
64.224
64.224
62.592
62.592
63.226
62.592
62.592
62.592
62.592
62.592
62.592
62.592
62.592
62.592
62.592
62.592
62.592
62.592
62.592
62.592
62.592
62.592
62.592
62.592
63.392
63.392
63.392
65.024
65.024
62.592
63.232
62.592
62.592
62.592
62.592
62.592
62.592
62.592
62.592
62.592
62.592
62.592
62.592
62.592
62.592
63.392
63.392
63.392
63.392
63.392
63.392
62.592
63.392
63.392
63.392
64.224
65.024
62.592
62.592
62.592
62.592
62.592
62.592
62.592
62.592
62.592
62.592
63.392
63.392
63.392
63.392
63.392
63.392
62.592
62.592
62.592
62.592
62.592
62.592
62.592
62.592
62.592
62.592
63.392
63.392
64.224
62.592
62.592
62.592
62.592
63.392
63.392
63.392
63.392
63.392
63.392
62.592
62.592
62.592
62.592
62.592
62.592
62.592
62.592
62.592
62.592
62.592
62.592
62.592
62.592
62.592
62.592
62.592
62.592
63.392
65.024
63.232
62.592
62.592
63.226
62.592
62.592
62.592
62.592
62.592
62.592
62.592
62.592
62.592
62.592
62.592
62.592
62.592
62.592
62.592
62.592
62.592
62.592
62.592
63.392
63.392
63.392
63.392
63.392
63.392
63.392
62.592
64.224
62.88
63.52
62.72
62.592
62.592
62.592
62.592
62.592
62.592
62.592
62.592
62.592
62.592
62.592
62.592
62.592
63.392
63.392
63.392
63.392
63.392
63.392
62.592
62.592
62.592
62.592
62.592
62.592
62.592
62.592
62.592
64.224
64.224
63.424
63.424
63.386
63.386
63.386
63.386
63.386
63.386
63.386
64.186
64.186
64.186
64.186
64.186
64.186
63.386
63.386
63.386
63.386
63.386
63.386
63.386
63.386
63.386
63.386
63.386
63.386
63.386
62.592
62.592
62.592
63.392
64.224
64.224
64.224
64.224
64.224
64.224
64.224
64.224
64.224
64.224
64.224
64.224
64.224
64.224
64.224
64.224
64.224
64.224
64.224
64.224
64.224
64.224
64.224
64.224
64.224
64.224
64.224
64.224
64.224
62.592
63.392
63.392
63.392
63.392
65.024
64.224
64.224
64.224
64.224
64.224
64.224
64.224
64.224
64.224
64.224
64.224
64.224
64.224
64.224
64.224
64.224
64.224
64.224
64.224
64.224
64.224
64.224
64.224
64.224
64.224
64.224
64.224
64.224
63.232
62.592
62.592
62.592
63.392
63.392
63.392
65.024
64.224
64.224
64.224
64.224
64.224
64.224
64.224
64.224
64.224
64.224
64.224
64.224
64.224
64.224
64.224
64.224
64.224
64.224
64.224
64.224
64.224
64.224
64.224
64.224
64.224
64.224
64.224
62.592
62.592
62.592
62.592
62.592
62.592
63.392
63.392
64.224
65.024
64.224
64.224
64.224
64.224
64.224
65.024
65.024
64.224
64.224
64.224
64.224
64.224
64.224
64.224
64.224
64.224
64.224
64.224
64.224
64.224
64.224
64.224
64.224
64.224
64.224
64.224
62.592
62.592
62.592
62.592
62.592
62.592
62.592
62.592
63.392
63.392
65.024
65.024
65.024
65.024
65.024
65.024
64.224
64.224
64.224
64.224
64.224
64.224
64.224
64.224
64.224
64.224
64.224
64.224
64.224
64.224
64.224
64.224
64.224
64.224
65.024
65.024
65.024
62.592
62.592
63.392
63.392
63.392
63.392
63.392
63.392
63.392
63.392
63.392
64.224
65.024
64.224
64.224
64.224
64.224
64.224
64.224
64.224
64.224
64.224
64.224
64.224
64.224
64.224
64.224
64.224
65.024
65.024
65.024
65.024
65.024
65.024
65.024
64.224
64.224
64.224
62.976
63.616
62.816
62.816
62.816
62.816
62.816
62.816
62.816
62.816
62.816
63.616
63.616
64.448
65.248
64.448
64.448
64.448
64.448
64.448
64.448
64.448
65.248
65.248
65.248
65.248
65.248
65.248
65.248
64.448
64.448
64.448
64.448
64.448
64.448
64.448
64.448
64.448
64.448
64.448
63.648
63.648
63.648
63.648
63.648
63.648
63.648
64.448
64.448
64.448
64.448
64.448
64.448
66.08
65.28
66.08
66.08
66.08
66.08
66.08
66.08
66.08
65.28
65.28
65.28
65.28
65.28
65.28
65.28
65.28
65.28
65.28
65.28
66.08
66.08
66.08
66.08
66.08
66.08
65.28
65.28
65.28
65.28
65.28
65.28
65.28
65.28
65.28
65.28
65.28
65.28
65.28
65.28
65.28
66.08
66.912
66.912
66.912
66.912
66.912
66.912
66.912
66.912
66.912
66.912
66.912
66.912
66.912
66.912
66.912
66.912
66.912
66.912
66.912
66.912
66.912
66.912
66.912
66.912
66.912
66.912
66.912
66.912
66.912
66.912
66.912
66.912
66.912
66.912
66.912
66.912
66.912
66.912
66.912
66.912
66.912
67.712
68.544
68.544
68.544
68.544
68.544
68.544
68.544
68.544
68.544
68.544
68.544
68.544
68.544
68.544
68.544
68.544
68.544
68.544
68.544
68.544
68.544
68.544
68.544
68.544
68.544
68.544
68.544
68.544
68.544
68.544
68.544
68.544
68.544
67.744
67.744
67.744
67.744
67.744
68.544
68.544
68.544
140.358
139.507
101.747
62.592
62.592
62.592
63.392
63.392
63.392
63.392
63.392
63.392
63.392
63.392
63.392
63.392
63.392
63.392
63.392
63.392
63.392
63.411
64.243
62.592
62.592
63.424
62.624
62.592
62.592
62.592
62.592
62.592
62.592
62.592
62.592
62.592
62.592
62.592
62.592
62.592
62.592
62.592
62.592
62.592
62.592
62.592
62.592
62.592
62.592
63.424
62.656
62.592
62.592
62.592
62.592
62.592
62.592
62.592
62.592
62.592
62.592
62.592
62.592
62.592
62.592
62.592
62.592
62.592
62.592
62.592
62.592
62.592
62.592
63.424
63.424
62.592
62.592
62.592
62.592
62.592
62.592
62.592
62.592
62.592
62.592
62.592
62.592
62.592
62.592
62.592
62.592
62.592
62.592
62.592
62.592
62.592
62.592
62.592
62.592
63.424
62.72
62.592
62.592
62.592
62.592
62.592
62.592
62.592
62.592
62.592
62.592
62.592
62.592
62.592
62.592
62.592
62.592
62.592
62.592
62.592
62.592
62.592
62.592
62.592
62.592
63.424
63.424
62.752
62.592
62.592
62.592
62.592
62.592
62.592
62.592
62.592
62.592
62.592
62.592
62.592
62.592
62.592
62.592
62.592
62.592
62.592
62.592
62.592
62.592
62.592
62.592
62.592
62.592
63.424
63.424
62.784
62.592
62.592
62.592
62.592
62.592
62.592
62.592
62.592
62.592
62.592
62.592
62.592
62.592
62.592
62.592
62.592
62.592
62.592
62.592
62.592
62.592
62.592
62.592
62.592
62.592
63.424
63.424
63.424
62.816
62.592
62.592
62.592
62.592
62.592
62.592
62.592
62.592
62.592
62.592
62.592
62.592
62.592
62.592
62.592
62.592
62.592
62.592
62.592
62.592
62.592
62.592
62.592
62.592
62.592
62.592
63.424
63.424
63.424
62.848
62.592
62.592
62.592
62.592
62.592
62.592
62.592
62.592
62.592
62.592
62.592
62.592
62.592
62.592
62.592
62.592
62.592
62.592
62.592
62.592
62.592
62.592
62.592
62.592
62.592
62.592
63.424
63.424
63.424
63.424
62.88
62.592
62.592
62.592
62.592
62.592
62.592
62.592
62.592
62.592
62.592
62.592
62.592
62.592
62.592
62.592
62.592
62.592
62.592
62.592
62.592
62.592
62.592
62.592
62.592
62.592
62.592
63.424
63.424
63.424
63.424
63.424
62.912
62.592
62.592
62.592
62.592
62.592
62.592
62.592
62.592
62.592
62.592
62.592
62.592
62.592
62.592
62.592
62.592
62.592
62.592
62.592
62.592
62.592
62.592
62.592
62.592
62.592
62.592
62.592
63.424
63.424
63.424
63.424
63.424
62.944
62.592
62.592
62.592
62.592
62.592
62.592
62.592
62.592
62.592
62.592
62.592
62.592
62.592
62.592
62.592
62.592
62.592
62.592
62.592
62.592
62.592
62.592
62.592
62.592
62.592
62.592
62.592
63.424
63.424
63.424
63.424
63.424
63.424
62.976
62.592
62.592
62.592
62.592
62.592
62.592
62.592
62.592
62.592
62.592
62.592
62.592
62.592
62.592
62.592
62.592
62.592
62.592
62.592
62.592
62.592
62.592
62.592
62.592
62.592
62.592
62.592
62.592
63.424
63.424
63.424
63.424
63.424
63.424
63.008
62.592
62.592
62.592
62.592
62.592
62.592
62.592
62.592
62.592
62.592
62.592
62.592
62.592
62.592
62.592
62.592
62.592
62.592
62.592
62.592
62.592
62.592
62.592
62.592
62.592
62.592
62.592
62.592
63.424
63.424
63.424
63.424
63.424
63.424
63.424
63.04
62.592
62.592
62.592
62.592
62.592
62.592
62.592
62.592
62.592
62.592
62.592
62.592
62.592
62.592
62.592
62.592
62.592
62.592
62.592
62.592
62.592
62.592
62.592
62.592
62.592
62.592
62.592
62.592
62.592
63.424
63.424
63.424
63.424
63.424
63.424
63.424
63.072
62.592
62.592
62.592
62.592
62.592
62.592
62.592
62.592
62.592
62.592
62.592
62.592
62.592
62.592
62.592
62.592
62.592
62.592
62.592
62.592
62.592
62.592
62.592
62.592
62.592
62.592
62.592
62.592
62.592
63.424
63.424
63.424
63.424
63.424
63.424
63.424
63.424
63.104
62.592
62.592
62.592
62.592
62.592
62.592
62.592
62.592
62.592
62.592
62.592
62.592
62.592
62.592
62.592
62.592
62.592
62.592
62.592
62.592
62.592
62.592
62.592
62.592
62.592
62.592
62.592
62.592
62.592
62.592
63.424
63.424
63.424
63.424
63.424
63.424
63.424
63.424
63.136
62.592
62.592
62.592
62.592
62.592
62.592
62.592
62.592
62.592
62.592
62.592
62.592
62.592
62.592
62.592
62.592
62.592
62.592
62.592
62.592
62.592
62.592
62.592
62.592
62.592
62.592
62.592
62.592
62.592
62.592
63.424
63.424
63.424
63.424
63.424
63.424
63.424
63.424
63.424
63.168
62.592
62.592
62.592
62.592
62.592
62.592
62.592
62.592
62.592
62.592
62.592
62.592
62.592
62.592
62.592
62.592
62.592
62.592
62.592
62.592
62.592
62.592
62.592
62.592
62.592
62.592
62.592
62.592
62.592
62.592
62.592
63.424
63.424
63.424
63.424
63.424
63.424
63.424
63.424
63.424
63.2
63.2
62.592
62.592
62.592
62.592
62.592
62.592
62.592
62.592
62.592
62.592
62.592
62.592
62.592
62.592
62.592
62.592
62.592
62.592
62.592
62.592
62.592
62.592
62.592
62.592
62.592
62.592
62.592
62.592
62.592
62.592
63.424
63.424
63.424
63.424
63.424
63.424
63.424
63.424
63.424
63.424
63.424
62.592
62.592
62.592
62.592
62.592
62.592
62.592
62.592
62.592
62.592
62.592
62.592
62.592
62.592
62.592
62.592
62.592
62.592
62.592
62.592
62.592
62.592
62.592
62.592
62.592
62.592
62.592
62.592
62.592
62.592
62.592
62.592
63.424
63.424
63.424
63.424
63.424
63.424
63.424
63.424
63.424
63.424
62.592
62.592
62.592
62.592
62.592
62.592
62.592
62.592
62.592
62.592
62.592
62.592
62.592
62.592
62.592
62.592
62.592
62.592
62.592
62.592
62.592
62.592
62.592
62.592
62.592
62.592
62.592
62.592
62.592
62.592
62.592
62.592
62.592
63.424
63.424
63.424
63.424
63.424
63.424
63.424
63.424
63.424
63.424
62.592
62.592
62.592
62.592
62.592
62.592
62.592
62.592
62.592
62.592
62.592
62.592
62.592
62.592
62.592
62.592
62.592
62.592
62.592
62.592
62.592
62.592
62.592
62.592
62.592
62.592
62.592
62.592
62.592
62.592
62.592
62.592
62.592
62.592
62.592
63.424
63.424
63.424
63.424
63.424
63.424
63.424
63.424
63.424
62.592
62.592
62.592
62.592
62.592
62.592
62.592
62.592
62.592
62.592
62.592
62.592
62.592
62.592
62.592
62.592
62.592
62.592
62.592
62.592
62.592
62.592
62.592
62.592
62.592
62.592
62.592
62.592
62.592
62.592
62.592
62.592
62.592
62.592
62.592
62.592
63.424
63.424
63.424
63.424
63.424
63.424
63.424
63.424
63.424
62.592
62.592
62.592
62.592
62.592
62.592
62.592
62.592
62.592
62.592
62.592
62.592
62.592
62.592
62.592
62.592
62.592
62.592
62.592
62.592
62.592
62.592
62.592
62.592
62.592
62.592
62.592
62.592
62.592
62.592
62.592
62.592
62.592
62.592
62.592
62.592
62.592
62.592
63.424
63.424
63.424
63.424
63.424
63.424
63.424
63.424
62.592
62.592
62.592
62.592
62.592
62.592
62.592
62.592
62.592
62.592
62.592
62.592
62.592
62.592
62.592
62.592
62.592
62.592
62.592
62.592
62.592
62.592
62.592
62.592
62.592
62.592
62.592
62.592
62.592
62.592
62.592
62.592
62.592
62.592
62.592
62.592
62.592
62.592
62.592
63.424
63.424
63.424
63.424
63.424
63.424
63.424
63.424
62.592
62.592
62.592
62.592
62.592
62.592
62.592
62.592
62.592
62.592
62.592
62.592
62.592
62.592
62.592
62.592
62.592
62.592
62.592
62.592
62.592
62.592
62.592
62.592
62.592
62.592
62.592
62.592
62.592
62.592
62.592
62.592
62.592
62.592
62.592
62.592
62.592
62.592
62.592
62.592
62.592
63.424
63.424
63.424
63.424
63.424
63.424
63.424
62.592
62.592
62.592
62.592
62.592
62.592
62.592
62.592
62.592
62.592
62.592
62.592
62.592
62.592
62.592
62.592
62.592
62.592
62.592
62.592
62.592
62.592
62.592
62.592
62.592
62.592
62.592
62.592
62.592
62.592
62.592
62.592
62.592
62.592
62.592
62.592
62.592
62.592
62.592
62.592
62.592
62.592
63.424
63.424
63.424
63.424
63.424
63.424
63.424
62.592
62.592
62.592
62.592
62.592
62.592
62.592
62.592
62.592
62.592
62.592
62.592
62.592
62.592
62.592
62.592
62.592
62.592
62.592
62.592
62.592
62.592
62.592
62.592
62.592
62.592
62.592
62.592
62.592
62.592
62.592
62.592
62.592
62.592
62.592
62.592
62.592
62.592
62.592
62.592
62.592
62.592
62.592
62.592
63.424
63.424
63.424
63.424
63.424
63.424
62.592
62.592
62.592
62.592
62.592
62.592
62.592
62.592
62.592
62.592
62.592
62.592
62.592
62.592
62.592
62.592
62.592
62.592
62.592
62.592
62.592
62.592
62.592
62.592
62.592
62.592
62.592
62.592
62.592
62.592
62.592
62.592
62.592
62.592
62.592
62.592
62.592
62.592
62.592
62.592
62.592
62.592
62.592
62.592
62.592
63.424
63.424
63.424
63.424
63.424
63.424
62.592
62.592
62.592
62.592
62.592
62.592
62.592
62.592
62.592
62.592
62.592
62.592
62.592
62.592
62.592
62.592
62.592
62.592
62.592
62.592
62.592
62.592
62.592
62.592
62.592
62.592
62.592
62.592
62.592
62.592
62.592
62.592
62.592
62.592
62.592
62.592
62.592
62.592
62.592
62.592
62.592
62.592
62.592
62.592
62.592
62.592
62.592
63.424
63.424
63.424
63.424
63.424
62.592
62.592
62.592
62.592
62.592
62.592
62.592
62.592
62.592
62.592
62.592
62.592
62.592
62.592
62.592
62.592
62.592
62.592
62.592
62.592
62.592
62.592
62.592
62.592
62.592
62.592
62.592
62.592
62.592
62.592
62.592
62.592
62.592
62.592
62.592
