0.030096
0.091488
0.091904
0.15408
0.154496
0.155328
0.155744
0.216672
0.217088
0.21792
0.218336
0.219168
0.219584
0.220416
0.220832
0.279264
0.27968
0.280512
0.280928
0.28176
0.282176
0.283008
0.283424
0.284256
0.284672
0.285504
0.28592
0.286752
0.287168
0.3452225
0.3773505
0.3844415
0.3852735
0.3861055
0.3869375
0.38776
0.41032
0.436624
0.468781
0.469197
0.482131
0.482547
0.483379
0.483795
0.484627
0.485043
0.485875
0.486291
0.4871135
0.4875295
0.529728
0.530144
0.5309665
0.5317985
0.5326305
0.544723
0.545555
0.546387
0.547219
0.548051
0.548883
0.549299
0.550131
0.550963
0.551795
0.552627
0.59232
0.593152
0.593984
0.594816
0.595648
0.607315
0.608147
0.608979
0.609811
0.610643
0.611475
0.612307
0.613139
0.613555
0.614387
0.615219
0.616051
0.654912
0.655744
0.656576
0.657408
0.65824
0.669907
0.670739
0.671571
0.672403
0.673235
0.674067
0.674899
0.675731
0.676563
0.676979
0.677811
0.678643
0.679475
0.717504
0.718336
0.719168
0.72
0.720832
0.732499
0.733331
0.734163
0.734995
0.735827
0.736659
0.737491
0.738323
0.739155
0.739987
0.740819
0.741235
0.742067
0.742899
0.780096
0.780928
0.78176
0.782592
0.783424
0.795091
0.795923
0.796755
0.797587
0.798419
0.799251
0.800083
0.800915
0.801747
0.802579
0.803411
0.804243
0.804659
0.805491
0.806323
0.842688
0.84352
0.844352
0.845184
0.846016
0.857683
0.858515
0.859347
0.860179
0.861011
0.861843
0.862675
0.863507
0.864339
0.865171
0.866003
0.866835
0.867667
0.868499
0.868915
0.869747
0.90528
0.906112
0.906944
0.907776
0.908608
0.920275
0.921107
0.921939
0.922771
0.923603
0.924435
0.925267
0.926099
0.926931
0.927763
0.928595
0.929427
0.930259
0.931091
0.931923
0.932339
0.933171
0.967872
0.968704
0.969536
0.970368
0.9712
0.982867
0.983699
0.984531
0.985363
0.986195
0.987027
0.987859
0.988691
0.989523
0.990355
0.991187
0.992019
0.992851
0.993683
0.994515
0.995347
0.996179
0.996595
1.030464
1.031296
1.032128
1.03296
1.033792
1.045459
1.046291
1.047123
1.047955
1.048787
1.049619
1.050451
1.051283
1.052115
1.052947
1.053779
1.054611
1.055443
1.056275
1.057107
1.057939
1.058771
1.059603
1.060019
1.093056
1.093888
1.09472
1.095552
1.096384
1.108051
1.108883
1.109715
1.110547
1.111379
1.112211
1.113043
1.113875
1.114707
1.115539
1.116371
1.117203
1.118035
1.118867
1.119699
1.120531
1.121363
1.122195
1.123027
1.155648
1.156064
1.156896
1.157728
1.15856
1.159392
1.170643
1.171475
1.172307
1.173139
1.173971
1.174803
1.175635
1.176467
1.177299
1.178131
1.178963
1.179795
1.180627
1.181459
1.182291
1.183123
1.183955
1.184787
1.185619
1.21824
1.219072
1.219488
1.22032
1.221152
1.221984
1.222816
1.233235
1.234067
1.234899
1.235731
1.236563
1.237395
1.238227
1.239059
1.239891
1.240723
1.241555
1.242387
1.243219
1.244051
1.244883
1.245715
1.246547
1.247379
1.248211
1.280832
1.281664
1.282496
1.283328
1.283744
1.284576
1.285408
1.28624
1.295827
1.296659
1.297491
1.298323
1.299155
1.299987
1.300819
1.301651
1.302483
1.303315
1.304147
1.304979
1.305811
1.306643
1.307475
1.308307
1.309139
1.309971
1.310803
1.343424
1.344256
1.345088
1.34592
1.346752
1.347168
1.348
1.348832
1.349664
1.358419
1.359251
1.360083
1.360915
1.361747
1.362579
1.363411
1.364243
1.365075
1.365907
1.366739
1.367571
1.368403
1.369235
1.370067
1.370899
1.371731
1.372563
1.373395
1.406016
1.406848
1.40768
1.408512
1.409344
1.410176
1.411008
1.411424
1.412256
1.413088
1.421011
1.421843
1.422675
1.423507
1.424339
1.425171
1.426003
1.426835
1.427667
1.428499
1.429331
1.430163
1.430995
1.431827
1.432659
1.433491
1.434323
1.435155
1.435987
1.468608
1.46944
1.470272
1.471104
1.471936
1.472768
1.4736
1.474432
1.474848
1.47568
1.476512
1.483603
1.484435
1.485267
1.486099
1.486931
1.487763
1.488595
1.489427
1.490259
1.491091
1.491923
1.492755
1.493587
1.494419
1.495251
1.496083
1.496915
1.497747
1.498579
1.5312
1.532032
1.532864
1.533696
1.534528
1.53536
1.536192
1.537024
1.537856
1.538688
1.539104
1.539936
1.546195
1.547027
1.547859
1.548691
1.549523
1.550355
1.551187
1.552019
1.552851
1.553683
1.554515
1.555347
1.556179
1.557011
1.557843
1.558675
1.559507
1.560339
1.561171
1.593792
1.594624
1.595456
1.596288
1.59712
1.597952
1.598784
1.599616
1.600448
1.60128
1.602112
1.602528
1.60336
1.608787
1.609619
1.610451
1.611283
1.612115
1.612947
1.613779
1.614611
1.615443
1.616275
1.617107
1.617939
1.618771
1.619603
1.620435
1.621267
1.622099
1.622931
1.623763
1.656384
1.657216
1.658048
1.65888
1.659712
1.660544
1.661376
1.662208
1.66304
1.663872
1.664704
1.665536
1.665952
1.666784
1.671379
1.672211
1.673043
1.673875
1.674707
1.675539
1.676371
1.677203
1.678035
1.678867
1.679699
1.680531
1.681363
1.682195
1.683027
1.683859
1.684691
1.685523
1.686355
1.718976
1.719808
1.72064
1.721472
1.722304
1.723136
1.723968
1.7248
1.725632
1.726464
1.727296
1.728128
1.72896
1.729792
1.730208
1.733971
1.734803
1.735635
1.736467
1.737299
1.738131
1.738963
1.739795
1.740627
1.741459
1.742291
1.743123
1.743955
1.744787
1.745619
1.746451
1.747283
1.748115
1.748947
1.781568
1.7824
1.783232
1.784064
1.784896
1.785728
1.78656
1.787392
1.788224
1.789056
1.789888
1.79072
1.791552
1.792384
1.793216
1.793632
1.796563
1.797395
1.798227
1.799059
1.799891
1.800723
1.801555
1.802387
1.803219
1.804051
1.804883
1.805715
1.806547
1.807379
1.808211
1.809043
1.809875
1.810707
1.811539
1.84416
1.844992
1.845824
1.846656
1.847488
1.84832
1.849152
1.849984
1.850816
1.851648
1.85248
1.853312
1.854144
1.854976
1.855808
1.85664
1.859155
1.859571
1.860403
1.861235
1.862067
1.862899
1.863731
1.864563
1.865395
1.866227
1.867059
1.867891
1.868723
1.869555
1.870387
1.871219
1.872051
1.872883
1.873715
1.874547
1.906752
1.907584
1.908416
1.909248
1.91008
1.910912
1.911744
1.912576
1.913408
1.91424
1.915072
1.915904
1.916736
1.917568
1.9184
1.919232
1.921747
1.922579
1.922995
1.923827
1.924659
1.925491
1.926323
1.927155
1.927987
1.928819
1.929651
1.930483
1.931315
1.932147
1.932979
1.933811
1.934643
1.935475
1.936307
1.937139
1.937971
1.969344
1.970176
1.971008
1.97184
1.972672
1.973504
1.974336
1.975168
1.976
1.976832
1.977664
1.978496
1.979328
1.98016
1.980992
1.981824
1.984339
1.985171
1.986003
1.986835
1.987251
1.988083
1.988915
1.989747
1.990579
1.991411
1.992243
1.993075
1.993907
1.994739
1.995571
1.996403
1.997235
1.998067
1.998899
1.999731
2.000563
2.001395
2.032
2.032832
2.034064
2.034896
2.036128
2.03736
2.038192
2.039424
2.040256
2.041488
2.04232
2.043552
2.044384
2.045616
2.046448
2.04768
2.0497535
2.0509855
2.0518175
2.0526495
2.0534815
2.0538975
2.0547295
2.0555615
2.0563935
2.0572255
2.0580575
2.0946625
2.0963005
2.118176
2.153904
2.181018
2.18265
2.183882
2.185514
2.187146
2.187978
2.18961
2.190842
2.192474
2.193306
2.194538
2.19537
2.196602
2.197434
2.198666
2.200288
2.200704
2.240365
2.241181
2.2424035
2.2440355
2.2456675
2.2472995
2.2489315
2.2505635
2.2517955
2.2534275
2.2550595
2.2566915
2.2575235
2.2591555
2.2603875
2.2620195
2.2628515
2.2644835
2.2665155
2.2673475
2.302957
2.304589
2.305821
2.306237
2.307869
2.309501
2.311133
2.312765
2.314397
2.316029
2.317661
2.319293
2.320925
2.322157
2.323789
2.325421
2.327053
2.327885
2.329517
2.331949
2.332781
2.365549
2.367181
2.368813
2.370045
2.370861
2.372093
2.373725
2.375357
2.376989
2.378621
2.380253
2.381885
2.383517
2.385149
2.386781
2.388413
2.390045
2.391677
2.392909
2.394541
2.396573
2.397805
2.4285025
2.4301345
2.4317665
2.4333985
2.4350305
2.4358625
2.4366785
2.4379105
2.4395425
2.4411745
2.4428065
2.4444385
2.4460705
2.4477025
2.4493345
2.4509665
2.4525985
2.4542305
2.4558625
2.4574945
2.4591265
2.4607585
2.4623905
2.491456
2.493088
2.49472
2.496352
2.497984
2.499216
2.500848
2.501264
2.502496
2.503728
2.50536
2.506992
2.508624
2.510256
2.511888
2.51352
2.515152
2.516784
2.518416
2.520048
2.52208
2.523712
2.525344
2.526976
2.554048
2.55568
2.557312
2.558944
2.560576
2.562208
2.56384
2.565072
2.565488
2.56712
2.567952
2.569584
2.571216
2.572848
2.57488
2.576512
2.578144
2.579776
2.581408
2.58304
2.584672
2.586704
2.588336
2.589968
2.5916
2.61664
2.618272
2.619904
2.621536
2.623168
2.6248
2.626432
2.628464
2.629296
2.630928
2.631744
2.632576
2.634208
2.63584
2.637472
2.639504
2.641136
2.642768
2.6444
2.646032
2.647664
2.649296
2.650928
2.65256
2.654192
2.655824
2.679232
2.681264
2.682896
2.684528
2.68616
2.687792
2.689424
2.691456
2.692688
2.69432
2.695952
2.696368
2.6976
2.698832
2.700464
2.702096
2.703728
2.70536
2.706992
2.708624
2.710256
2.711888
2.71352
2.715152
2.716784
2.718416
2.720048
2.742144
2.744256
2.745888
2.74752
2.749152
2.750784
2.752416
2.754048
2.75568
2.757312
2.758944
2.760176
2.761808
2.762224
2.763456
2.764688
2.76632
2.767952
2.769584
2.771216
2.772848
2.77488
2.776512
2.778144
2.779776
2.781408
2.78304
2.784672
2.805056
2.806848
2.80848
2.810112
2.811744
2.813376
2.815008
2.81664
2.818272
2.819904
2.821536
2.823168
2.8248
2.826032
2.826848
2.82808
2.829312
2.830944
2.832576
2.834208
2.83584
2.837472
2.839504
2.841136
2.842768
2.8444
2.846032
2.847664
2.849296
2.867648
2.86944
2.871072
2.872704
2.874336
2.875968
2.8776
2.879232
2.881264
2.882896
2.884528
2.88616
2.887792
2.889424
2.891056
2.891888
2.892704
2.893936
2.895568
2.8972
2.898832
2.900464
2.902096
2.903728
2.90536
2.906992
2.908624
2.910256
2.911888
2.91352
2.93024
2.932032
2.934064
2.935696
2.937328
2.93896
2.940592
2.942224
2.944256
2.945888
2.94752
2.949152
2.950784
2.952416
2.954048
2.95528
2.956912
2.957328
2.95856
2.959792
2.961424
2.963056
2.964688
2.96632
2.967952
2.969584
2.971216
2.972848
2.97488
2.976512
2.978144
2.992832
2.994944
2.997056
2.998688
3.00032
3.001952
3.003584
3.005216
3.006848
3.00848
3.010112
3.011744
3.013376
3.015008
3.01664
3.018272
3.019904
3.021136
3.022768
3.023184
3.024416
3.026048
3.02768
3.029312
3.030944
3.032576
3.034208
3.03584
3.037472
3.039504
3.041136
3.042768
3.055744
3.057856
3.059648
3.06128
3.062912
3.064544
3.066176
3.067808
3.06944
3.071072
3.072704
3.074336
3.075968
3.0776
3.079232
3.081264
3.082896
3.084528
3.08616
3.086992
3.087808
3.08904
3.090672
3.092304
3.093936
3.095568
3.0972
3.098832
3.100464
3.102096
3.103728
3.10536
3.106992
3.118656
3.120448
3.12224
3.123872
3.125504
3.127136
3.128768
3.1304
3.132032
3.134064
3.135696
3.137328
3.13896
3.140592
3.142224
3.144256
3.145888
3.14752
3.149152
3.150384
3.152016
3.152848
3.153664
3.154896
3.156528
3.15816
3.159792
3.161424
3.163056
3.164688
3.16632
3.167952
3.169584
3.171216
3.181248
3.18304
3.184832
3.186864
3.188496
3.190128
3.19176
3.193392
3.195024
3.197056
3.198688
3.20032
3.201952
3.203584
3.205216
3.206848
3.20848
3.210112
3.211744
3.213376
3.215008
3.21624
3.217872
3.218288
3.21952
3.220752
3.222384
3.224016
3.225648
3.22768
3.229312
3.230944
3.232576
3.234208
3.23584
3.24384
3.245632
3.247744
3.249856
3.251488
3.25312
3.254752
3.256384
3.258016
3.259648
3.26128
3.262912
3.264544
3.266176
3.267808
3.26944
3.271072
3.272704
3.274336
3.275968
3.2776
3.279232
3.281264
3.282096
3.283728
3.284544
3.285376
3.287008
3.28864
3.290272
3.292304
3.293936
3.295568
3.2972
3.298832
3.300464
3.306432
3.308544
3.310656
3.312448
3.31408
3.315712
3.317344
3.318976
3.320608
3.32224
3.323872
3.325504
3.327136
3.328768
3.3304
3.332032
3.334064
3.335696
3.337328
3.33896
3.340592
3.342224
3.344256
3.345488
3.34712
3.348752
3.349168
3.3504
3.351632
3.353264
3.354896
3.356528
3.35816
3.359792
3.361424
3.363056
3.364688
3.369344
3.371456
3.373248
3.37504
3.376672
3.378304
3.379936
3.381568
3.3832
3.384832
3.386864
3.388496
3.390128
3.39176
3.393392
3.395024
3.397056
3.398688
3.40032
3.401952
3.403584
3.405216
3.406848
3.40848
3.410112
3.411744
3.412976
3.414608
3.415024
3.416256
3.417488
3.41912
3.420752
3.422384
3.424016
3.425648
3.42768
3.429312
3.432608
3.43432
3.436032
3.437744
3.439776
3.441408
3.44304
3.444672
3.446304
3.447936
3.449968
3.4516
3.453232
3.454864
3.456496
3.458128
3.45976
3.461392
3.463024
3.464656
3.466288
3.46792
3.469552
3.471184
3.472816
3.474448
3.47608
3.477712
3.478944
3.47976
3.480992
3.482224
3.483856
3.485488
3.48712
3.488752
3.490384
3.492416
3.494048
3.49648
3.498112
3.499744
3.501376
3.503408
3.50504
3.506672
3.508304
3.509936
3.511568
3.5132
3.514832
3.516464
3.518096
3.519728
3.52136
3.523392
3.525024
3.526656
3.528288
3.52992
3.531552
3.533184
3.534816
3.536448
3.53808
3.539712
3.541344
3.542976
3.544608
3.54544
3.546256
3.547488
3.54912
3.550752
3.552384
3.554016
3.555648
3.55728
3.558912
3.561344
3.562976
3.564608
3.56624
3.567872
3.569504
3.571136
3.572768
3.5744
3.576032
3.577664
3.579296
3.580928
3.58256
3.584192
3.585824
3.588256
3.589888
3.59152
3.593152
3.594784
3.596416
3.598048
3.59968
3.601312
3.602944
3.604576
3.606208
3.60784
3.609472
3.610704
3.612336
3.612752
3.613984
3.615216
3.616848
3.61848
3.620112
3.621744
3.623376
3.625008
3.62744
3.629072
3.630704
3.632336
3.633968
3.6356
3.637232
3.638864
3.640496
3.642128
3.64376
3.645392
3.647024
3.648656
3.650288
3.65192
3.654352
3.655984
3.657616
3.659248
3.66088
3.662512
3.664144
3.665776
3.667408
3.66904
3.670672
3.672304
3.673936
3.675568
3.6772
3.678832
3.679664
3.681296
3.682112
3.682944
3.684576
3.686208
3.68784
3.689472
3.691104
3.692736
3.695168
3.6968
3.698432
3.700064
3.701696
3.703328
3.70496
3.706592
3.708224
3.709856
3.711488
3.71312
3.714752
3.716384
3.718016
3.719648
3.72168
3.723312
3.724944
3.726576
3.728208
3.73024
3.731872
3.733504
3.735136
3.736768
3.7384
3.740032
3.741664
3.743296
3.744928
3.74656
3.747392
3.749024
3.786963
3.7881855
3.839795
3.860595
3.862227
3.863859
3.865491
3.867123
3.868755
3.870387
3.872019
3.873651
3.875283
3.877414
3.879046
3.880678
3.88191
3.883542
3.885174
3.886806
3.888838
3.8904605
3.8912765
3.921856
3.923488
3.924304
3.925536
3.927168
3.9288
3.930432
3.932064
3.933696
3.935328
3.93696
3.938592
3.940323
3.941955
3.943987
3.945619
3.947251
3.948883
3.950515
3.952147
3.953779
3.955411
3.984448
3.98608
3.987712
3.988528
3.98936
3.990992
3.992624
3.994256
3.995888
3.99752
3.999152
4.000784
4.002416
4.004048
4.00568
4.008112
4.009744
4.011376
4.013008
4.01464
4.016272
4.017904
4.019536
4.04704
4.048672
4.050304
4.051936
4.053168
4.053584
4.055216
4.056848
4.05848
4.060112
4.061744
4.063376
4.065008
4.06664
4.068272
4.069904
4.072336
4.073968
4.0756
4.077232
4.078864
4.080496
4.082128
4.08376
4.109632
4.111664
4.113296
4.114928
4.11656
4.117392
4.118208
4.11944
4.121072
4.122704
4.124336
4.125968
4.1276
4.129232
4.130864
4.132496
4.134128
4.13656
4.138192
4.139824
4.141456
4.143088
4.14472
4.146352
4.147984
4.172544
4.174656
4.176288
4.17792
4.179552
4.180784
4.182416
4.183248
4.184064
4.185296
4.186928
4.18856
4.190192
4.191824
4.193456
4.195088
4.19672
4.198352
4.200784
4.202416
4.204048
4.20568
4.207312
4.208944
4.210576
4.212208
4.235456
4.237248
4.23888
4.240512
4.242144
4.243776
4.245408
4.24664
4.248272
4.248688
4.24992
4.251152
4.252784
4.254416
4.256048
4.25808
4.259712
4.261344
4.262976
4.265008
4.26664
4.268272
4.269904
4.271536
4.273168
4.2748
4.276432
4.298048
4.29984
4.301472
4.303104
4.304736
4.306368
4.308
4.309632
4.311664
4.312496
4.314128
4.314944
4.315776
4.317408
4.31904
4.320672
4.322704
4.324336
4.325968
4.3276
4.329232
4.330864
4.332496
4.334128
4.33576
4.337392
4.339024
4.340656
4.36064
4.362432
4.364464
4.366096
4.367728
4.36936
4.370992
4.372624
4.374656
4.375888
4.37752
4.379152
4.379568
4.3808
4.382032
4.383664
4.385296
4.386928
4.38856
4.390192
4.391824
4.393456
4.395088
4.39672
4.398352
4.399984
4.401616
4.403248
4.40528
4.423232
4.425344
4.427456
4.429088
4.43072
4.432352
4.433984
4.435616
4.437248
4.43888
4.440512
4.442144
4.443376
4.445008
4.445424
4.446656
4.447888
4.44952
4.451152
4.452784
4.454416
4.456048
4.45808
4.459712
4.461344
4.462976
4.464608
4.46624
4.467872
4.469904
4.486144
4.488256
4.490048
4.49168
4.493312
4.494944
4.496576
4.498208
4.49984
4.501472
4.503104
4.504736
4.506368
4.508
4.509232
4.510048
4.51128
4.512512
4.514144
4.515776
4.517408
4.51904
4.520672
4.522704
4.524336
4.525968
4.5276
4.529232
4.530864
4.532496
4.534128
4.549056
4.550848
4.55264
4.554272
4.555904
4.557536
4.559168
4.5608
4.562432
4.564464
4.566096
4.567728
4.56936
4.570992
4.572624
4.574256
4.575088
4.575904
4.577136
4.578768
4.5804
4.582032
4.583664
4.585296
4.586928
4.58856
4.590192
4.591824
4.593456
4.595088
4.59672
4.598352
4.611648
4.61344
4.615232
4.617264
4.618896
4.620528
4.62216
4.623792
4.625424
4.627456
4.629088
4.63072
4.632352
4.633984
4.635616
4.637248
4.63848
4.640112
4.640528
4.64176
4.642992
4.644624
4.646256
4.647888
4.64952
4.651152
4.652784
4.654416
4.656048
4.65808
4.659712
4.661344
4.662976
4.67424
4.676032
4.678144
4.680256
4.681888
4.68352
4.685152
4.686784
4.688416
4.690048
4.69168
4.693312
4.694944
4.696576
4.698208
4.69984
4.701472
4.703104
4.704336
4.705968
4.706384
4.707616
4.709248
4.71088
4.712512
4.714144
4.715776
4.717408
4.71904
4.720672
4.722704
4.724336
4.725968
4.7276
4.736832
4.738944
4.741056
4.742848
4.74448
4.746112
4.747744
4.749376
4.751008
4.75264
4.754272
4.755904
4.757536
4.759168
4.7608
4.762432
4.764464
4.766096
4.767728
4.76936
4.770192
4.771008
4.77224
4.773872
4.775504
4.777136
4.778768
4.7804
4.782032
4.783664
4.785296
4.786928
4.78856
4.790192
4.791824
4.799744
4.801856
4.803648
4.80544
4.807072
4.808704
4.810336
4.811968
4.8136
4.815232
4.817264
4.818896
4.820528
4.82216
4.823792
4.825424
4.827456
4.829088
4.83072
4.832352
4.833584
4.835216
4.836048
4.836864
4.838096
4.839728
4.84136
4.842992
4.844624
4.846256
4.847888
4.84952
4.851152
4.852784
4.854416
4.856048
4.862656
4.864448
4.86624
4.868032
4.870064
4.871696
4.873328
4.87496
4.876592
4.878224
4.880256
4.881888
4.88352
4.885152
4.886784
4.888416
4.890048
4.89168
4.893312
4.894944
4.896576
4.898208
4.89944
4.901072
4.901488
4.90272
4.903952
4.905584
4.907216
4.908848
4.91088
4.912512
4.914144
4.915776
4.917408
4.91904
4.920672
4.925248
4.92704
4.928832
4.930944
4.933056
4.934688
4.93632
4.937952
4.939584
4.941216
4.942848
4.94448
4.946112
4.947744
4.949376
4.951008
4.95264
4.954272
4.955904
4.957536
4.959168
4.9608
4.962432
4.964464
4.965296
4.966928
4.967744
4.968576
4.970208
4.97184
4.973472
4.975504
4.977136
4.978768
4.9804
4.982032
4.983664
4.985296
4.988192
4.989904
4.992016
4.994048
4.99576
4.997392
4.999024
5.000656
5.002288
5.00392
5.005552
5.007184
5.008816
5.010448
5.01208
5.013712
5.015344
5.017376
5.019008
5.02064
5.022272
5.023904
5.025536
5.027568
5.0288
5.030432
5.032064
5.03248
5.033712
5.034944
5.036576
5.038208
5.03984
5.041472
5.043104
5.044736
5.046368
5.048
5.049632
5.052064
5.053696
5.055728
5.05736
5.059392
5.061024
5.062656
5.064288
5.06592
5.067552
5.069184
5.070816
5.072448
5.07408
5.075712
5.077344
5.078976
5.081008
5.08264
5.084272
5.085904
5.087536
5.089168
5.0908
5.092432
5.094064
5.095696
5.096928
5.09856
5.099376
5.100208
5.10184
5.103472
5.105104
5.106736
5.108368
5.11
5.111632
5.113264
5.114896
5.116928
5.11856
5.120192
5.121824
5.124256
5.125888
5.12752
5.129152
5.130784
5.132416
5.134048
5.13568
5.137312
5.138944
5.140576
5.142208
5.14384
5.145472
5.147104
5.148736
5.150368
5.152
5.153632
5.155264
5.156896
5.158528
5.16016
5.161792
5.163424
5.165056
5.165872
5.166704
5.168336
5.169968
5.1716
5.173232
5.174864
5.176496
5.178128
5.17976
5.181392
5.183024
5.184656
5.186288
5.18792
5.190352
5.191984
5.193616
5.195248
5.19688
5.198512
5.200144
5.201776
5.203408
5.20504
5.206672
5.208304
5.209936
5.211568
5.2132
5.214832
5.216464
5.218096
5.219728
5.22136
5.222992
5.224624
5.226256
5.227888
5.22952
5.231152
5.232784
5.2336
5.234432
5.236064
5.237696
5.239328
5.24096
5.242592
5.244224
5.245856
5.247488
5.24912
5.250752
5.252384
5.254016
5.255648
5.25768
5.259312
5.260944
5.262576
5.264208
5.26624
5.267872
5.269504
5.271136
5.272768
5.2744
5.276032
5.277664
5.279296
5.280928
5.28256
5.284192
5.285824
5.287456
5.289088
5.29072
5.292352
5.293984
5.295616
5.297248
5.29888
5.300512
5.302144
5.302976
5.339715
5.403235
5.438323
5.4407805
5.4424125
5.443635
5.444051
5.473875
5.476038
5.47807
5.479702
5.481334
5.482966
5.484598
5.48623
5.487862
5.489894
5.491526
5.493158
5.49479
5.496422
5.498054
5.499686
5.500918
5.5025405
5.5041725
5.5058045
5.5074365
5.5082685
5.536467
5.538947
5.541062
5.542694
5.544326
5.545958
5.54759
5.549222
5.550854
5.552486
5.554118
5.55575
5.557382
5.559014
5.560646
5.562278
5.56391
5.565542
5.567174
5.56799
5.569222
5.570854
5.572086
5.599059
5.601856
5.603654
5.605286
5.606918
5.60855
5.610182
5.611814
5.613446
5.615078
5.61671
5.618342
5.619974
5.621606
5.623238
5.62527
5.626902
5.628534
5.630166
5.631798
5.632214
5.633446
5.634678
5.63631
5.661651
5.664448
5.666246
5.667878
5.66951
5.671142
5.672774
5.674406
5.676038
5.67807
5.679702
5.681334
5.682966
5.684598
5.68623
5.688262
5.689894
5.691526
5.693158
5.69479
5.696022
5.697654
5.69807
5.699302
5.700534
5.7245535
5.72704
5.728838
5.73087
5.732502
5.734134
5.735766
5.737398
5.73903
5.741062
5.742694
5.744326
5.745958
5.74759
5.749222
5.750854
5.752486
5.754118
5.75575
5.757382
5.759014
5.760646
5.761878
5.762294
5.763926
5.764758
5.787456
5.789632
5.791747
5.793862
5.795494
5.797126
5.798758
5.80039
5.802022
5.803654
5.805286
5.806918
5.80855
5.810182
5.811814
5.813446
5.815078
5.81671
5.818342
5.819974
5.821606
5.823238
5.82527
5.826102
5.827734
5.82855
5.829382
5.850048
5.852544
5.854656
5.856454
5.858086
5.859718
5.86135
5.862982
5.864614
5.866246
5.867878
5.86951
5.871142
5.872774
5.874406
5.876038
5.87807
5.879702
5.881334
5.882966
5.884598
5.88623
5.888262
5.889494
5.891126
5.892758
5.893174
5.894406
5.91264
5.915456
5.917248
5.919046
5.920678
5.92231
5.923942
5.925574
5.927206
5.928838
5.93087
5.932502
5.934134
5.935766
5.937398
5.93903
5.941062
5.942694
5.944326
5.945958
5.94759
5.949222
5.950854
5.952486
5.954118
5.95575
5.956982
5.958614
5.95903
5.975232
5.978048
5.97984
5.981638
5.98367
5.985302
5.986934
5.988566
5.990198
5.99183
5.993862
5.995494
5.997126
5.998758
6.00039
6.002022
6.003654
6.005286
6.006918
6.00855
6.010182
6.011814
6.013446
6.015078
6.01671
6.018342
6.019974
6.021606
6.022838
6.023654
6.038144
6.04064
6.042432
6.044547
6.046662
6.048294
6.049926
6.051558
6.05319
6.054822
6.056454
6.058086
6.059718
6.06135
6.062982
6.064614
6.066246
6.067878
6.06951
6.071142
6.072774
6.074406
6.076038
6.07807
6.079702
6.081334
6.082966
6.084598
6.08623
6.087862
6.101056
6.101872
6.103376
6.105488
6.10752
6.109254
6.110886
6.112518
6.11415
6.115782
6.117414
6.119046
6.120678
6.12231
6.123942
6.125574
6.127206
6.128838
6.13087
6.132502
6.134134
6.135766
6.137398
6.13903
6.141062
6.142694
6.144326
6.145958
6.14759
6.149222
6.150854
6.163648
6.16528
6.166096
6.166928
6.16896
6.170592
6.172243
6.173875
6.175507
6.177139
6.178771
6.180403
6.182035
6.184067
6.185699
6.187331
6.188963
6.190595
6.192227
6.194259
6.195891
6.197523
6.199155
6.200787
6.202419
6.204051
6.205683
6.207315
6.208947
6.210579
6.212211
6.213843
6.22624
6.227872
6.229504
6.230736
6.231152
6.232784
6.234416
6.236048
6.23768
6.239312
6.240944
6.242576
6.244208
6.24584
6.248272
6.249904
6.251536
6.253168
6.2548
6.256432
6.258064
6.259696
6.261328
6.26296
6.264592
6.266224
6.267856
6.269488
6.27112
6.272752
6.274384
6.276016
6.277648
6.288832
6.290864
6.292496
6.294128
6.29496
6.295776
6.297008
6.29864
6.300272
6.301904
6.303536
6.305168
6.3068
6.308432
6.310064
6.312496
6.314128
6.31576
6.317392
6.319024
6.320656
6.322288
6.32392
6.325552
6.327184
6.328816
6.330448
6.33208
6.333712
6.335344
6.336976
6.338608
6.34024
6.341872
6.351744
6.353856
6.355488
6.35712
6.358352
6.359984
6.360816
6.361632
6.362864
6.364496
6.366128
6.36776
6.369392
6.371024
6.372656
6.374288
6.37672
6.378352
6.379984
6.381616
6.383248
6.38488
6.386512
6.388144
6.389776
6.391408
6.39304
6.394672
6.396304
6.397936
6.399568
6.4012
6.402832
6.404464
6.406096
6.414656
6.416448
6.41808
6.419712
6.421344
6.422976
6.424208
6.42584
6.426256
6.427488
6.42872
6.430352
6.431984
6.433616
6.435248
6.43728
6.438912
6.440944
6.442576
6.444208
6.44584
6.447472
6.449104
6.450736
6.452368
6.454
6.455632
6.457264
6.458896
6.460528
6.46216
6.463792
6.465424
6.467056
6.468688
6.47032
6.477248
6.47904
6.480672
6.482304
6.483936
6.485568
6.4872
6.488832
6.490064
6.491696
6.492512
6.493344
6.494976
6.496608
6.49824
6.499872
6.501904
6.503536
6.505168
6.5068
6.508432
6.510064
6.511696
6.513328
6.51496
6.516592
6.518224
6.519856
6.521488
6.52312
6.524752
6.526384
6.528016
6.529648
6.53168
6.533312
6.534944
6.53984
6.541632
6.543664
6.545296
6.546928
6.54856
6.550192
6.551824
6.553456
6.555088
6.55672
6.557136
6.558368
6.5596
6.561232
6.562864
6.564496
6.566128
6.56776
6.569392
6.571024
6.572656
6.574288
6.57592
6.577552
6.579184
6.580816
6.582448
6.58448
6.586112
6.587744
6.589376
6.591008
6.59264
6.594272
6.596304
6.597936
6.599568
6.602624
6.604736
6.606768
6.6084
6.610032
6.611664
6.613296
6.614928
6.61656
6.618192
6.619824
6.621056
6.622688
6.623104
6.624336
6.625568
6.6272
6.628832
6.630464
6.632096
6.633728
6.63536
6.637392
6.639024
6.640656
6.642288
6.64392
6.645552
6.647184
6.649216
6.650848
6.65248
6.654112
6.655744
6.657376
6.659008
6.66064
6.662272
6.663904
6.666336
6.668368
6.67
6.671632
6.673264
6.674896
6.676528
6.67816
6.680192
6.681824
6.683456
6.685088
6.68672
6.687552
6.688368
6.6896
6.690832
6.692464
6.694096
6.695728
6.69736
6.698992
6.700624
6.702656
6.704288
6.70592
6.707552
6.709184
6.710816
6.712448
6.71408
6.715712
6.717344
6.718976
6.721008
6.72264
6.724272
6.725904
6.727536
6.729168
6.7312
6.732832
6.734464
6.736096
6.737728
6.73936
6.740992
6.742624
6.745056
6.746688
6.74832
6.749952
6.751584
6.752416
6.754048
6.75528
6.755696
6.757328
6.75896
6.760592
6.762224
6.763856
6.765488
6.76712
6.768752
6.770384
6.772016
6.773648
6.77528
6.776912
6.778544
6.780176
6.781808
6.78344
6.785072
6.787504
6.789136
6.790768
6.7924
6.794032
6.795664
6.797296
6.798928
6.80056
6.802192
6.803824
6.805456
6.807088
6.80872
6.811152
6.812784
6.814416
6.816048
6.81768
6.818512
6.820144
6.821776
6.823008
6.823424
6.825056
6.826688
6.82832
6.829952
6.831584
6.833216
6.834848
6.83648
6.838112
6.839744
6.841376
6.843008
6.84464
6.846272
6.847904
6.849536
6.851168
6.8528
6.855232
6.856864
6.858496
6.860128
6.86176
6.863392
6.865024
6.866656
6.868288
6.86992
6.871552
6.873184
6.874816
6.876448
6.87848
6.880112
6.881744
6.883376
6.885008
6.88624
6.887872
6.889504
6.927043
6.9290815
6.9795645
7.000774
7.002406
7.004038
7.00607
7.007702
7.009334
7.010966
7.012598
7.01423
7.015862
7.017494
7.019126
7.020758
7.02239
7.024022
7.025654
7.027286
7.028918
7.0305405
7.0309565
7.061734
7.063366
7.063782
7.065014
7.06663
7.069062
7.070694
7.072326
7.073958
7.07559
7.077222
7.078854
7.080486
7.082118
7.08375
7.085382
7.087014
7.088646
7.090278
7.09191
7.093542
7.094374
7.124326
7.125958
7.12679
7.127622
7.128038
7.129254
7.131654
7.133286
7.134918
7.13655
7.138182
7.139814
7.141446
7.143078
7.14471
7.146342
7.147974
7.149606
7.151238
7.15287
7.154502
7.156134
7.156966
7.186918
7.18855
7.189382
7.190214
7.191046
7.191462
7.192294
7.194246
7.195878
7.19751
7.199142
7.200774
7.202406
7.204038
7.20567
7.207302
7.208934
7.210566
7.212198
7.21383
7.215462
7.217094
7.218726
7.219558
7.24951
7.251142
7.251974
7.252806
7.253638
7.25447
7.255302
7.255718
7.256902
7.25847
7.260102
7.261734
7.263366
7.264998
7.26663
7.268262
7.269894
7.271526
7.273158
7.27479
7.276422
7.278054
7.279686
7.281318
7.28215
7.312102
7.313734
7.314566
7.315398
7.31623
7.317062
7.317894
7.318726
7.319142
7.319974
7.321142
7.322694
7.324326
7.325958
7.32759
7.329222
7.330854
7.332486
7.334118
7.33575
7.337382
7.339014
7.340646
7.342278
7.34391
7.344742
7.374694
7.376326
7.377158
7.37799
7.378822
7.379654
7.380486
7.381318
7.38215
7.382982
7.383398
7.38423
7.385382
7.386918
7.38855
7.390182
7.391814
7.393446
7.395078
7.39671
7.398342
7.399974
7.401606
7.403238
7.40487
7.406502
7.407334
7.437286
7.438918
7.43975
7.440582
7.441414
7.442246
7.443078
7.44391
7.444742
7.445574
7.446406
7.446822
7.447654
7.448486
7.449622
7.451142
7.452774
7.454406
7.456038
7.45767
7.459302
7.460934
7.462566
7.464198
7.46583
7.467462
7.469094
7.469926
7.499878
7.50151
7.502342
7.503174
7.504006
7.504838
7.50567
7.506502
7.507334
7.508166
7.508998
7.50983
7.510662
7.511078
7.51191
7.512742
7.513862
7.515366
7.516998
7.51863
7.520262
7.521894
7.523526
7.525158
7.52679
7.528422
7.530054
7.531686
7.532518
7.56247
7.564102
7.564934
7.565766
7.566598
7.56743
7.568262
7.569094
7.569926
7.570758
7.57159
7.572422
7.573254
7.574086
7.574502
7.575334
7.576166
7.576998
7.578102
7.57959
7.581222
7.582854
7.584486
7.586118
7.58775
7.589382
7.591014
7.592646
7.594278
7.59511
7.625062
7.626694
7.627526
7.628358
7.62919
7.630022
7.630854
7.631686
7.632518
7.63335
7.634182
7.635014
7.635846
7.636678
7.63751
7.637926
7.638758
7.63959
7.640422
7.641254
7.642342
7.643814
7.645446
7.647078
7.64871
7.650342
7.651974
7.653606
7.655238
7.65687
7.657702
7.687654
7.689286
7.690118
7.69095
7.691782
7.692614
7.693446
7.694278
7.69511
7.695942
7.696774
7.697606
7.698438
7.69927
7.700102
7.700934
7.701766
7.702182
7.703014
7.703846
7.704678
7.70551
7.706582
7.708038
7.70967
7.711302
7.712934
7.714566
7.716198
7.71783
7.719462
7.720294
7.750246
7.751878
7.75271
7.753542
7.754374
7.755206
7.756038
7.75687
7.757702
7.758534
7.759366
7.760198
7.76103
7.761862
7.762694
7.763526
7.764358
7.76519
7.765606
7.766438
7.76727
7.768102
7.768934
7.769766
7.770822
7.772262
7.773894
7.775526
7.777158
7.77879
7.780422
7.782054
7.782886
7.812838
7.81447
7.815302
7.816134
7.816966
7.817798
7.81863
7.819462
7.820294
7.821126
7.821958
7.82279
7.823622
7.824454
7.825286
7.826118
7.82695
7.827782
7.828614
7.829446
7.829862
7.830694
7.831526
7.832358
7.83319
7.834022
7.835062
7.836486
7.838118
7.83975
7.841382
7.843014
7.844646
7.845478
7.87543
7.877062
7.877894
7.878726
7.879558
7.88039
7.881222
7.882054
7.882886
7.883718
7.88455
7.885382
7.886214
7.887046
7.887878
7.88871
7.889542
7.890374
7.891206
7.892038
7.89287
7.893286
7.894118
7.89495
7.895782
7.896614
7.897446
7.898278
7.899302
7.90071
7.902342
7.903974
7.905606
7.907238
7.90807
7.938022
7.939654
7.940486
7.941318
7.94215
7.942982
7.943814
7.944646
7.945478
7.94631
7.947142
7.947974
7.948806
7.949638
7.95047
7.951302
7.952134
7.952966
7.953798
7.95463
7.955462
7.956294
7.957126
7.957542
7.958374
7.959206
7.960038
7.96087
7.961702
7.962534
7.963542
7.964934
7.966566
7.968198
7.96983
7.970662
8.000614
8.002246
8.003078
8.00391
8.004742
8.005574
8.006406
8.007238
8.00807
8.008902
8.009734
8.010566
8.011398
8.01223
8.013062
8.013894
8.014726
8.015558
8.01639
8.017222
8.018054
8.018886
8.019718
8.02055
8.020966
8.021798
8.02263
8.023462
8.024294
8.025126
8.025958
8.02679
8.027782
8.029158
8.03079
8.032422
8.033254
8.063206
8.064838
8.06567
8.066502
8.067334
8.068166
8.068998
8.06983
8.070662
8.071494
8.072326
8.073158
8.07399
8.074822
8.075654
8.076486
8.077318
8.07815
8.078982
8.079814
8.080646
8.081478
8.08231
8.083142
8.083974
8.084806
8.085222
8.086054
8.086886
8.087718
8.08855
8.089382
8.090214
8.091046
8.092022
8.093382
8.095014
8.095846
8.125798
8.12743
8.128262
8.129094
8.129926
8.130758
8.13159
8.132422
8.133254
8.134086
8.134918
8.13575
8.136582
8.137414
8.138246
8.139078
8.13991
8.140742
8.141574
8.142406
8.143238
8.14407
8.144902
8.145734
8.146566
8.147398
8.14823
8.148646
8.149478
8.15031
8.151142
8.151974
8.152806
8.153638
8.15447
8.155302
8.156262
8.157606
8.158438
8.18839
8.190022
8.190854
8.191686
8.192518
8.19335
8.194182
8.195014
8.195846
8.196678
8.19751
8.198342
8.199174
8.200006
8.200838
8.20167
8.202502
8.203334
8.204166
8.204998
8.20583
8.206662
8.207494
8.208326
8.209158
8.20999
8.210822
8.211654
8.212486
8.212902
8.213734
8.214566
8.215398
8.21623
8.217062
8.217894
8.218726
8.219558
8.220502
8.221334
8.250982
8.252614
8.253446
8.254278
8.25511
8.255942
8.256774
8.257606
8.258438
8.25927
8.260102
8.260934
8.261766
8.262598
8.26343
8.264262
8.265094
8.265926
8.266758
8.26759
8.268422
8.269254
8.270086
8.270918
8.27175
8.272582
8.273414
8.274246
8.275078
8.27591
8.276326
8.277158
8.27799
8.278822
8.279654
8.280486
8.281318
8.28215
8.282982
8.283814
8.284646
8.313574
8.315206
8.316038
8.31687
8.317702
8.318534
8.319366
8.320198
8.32103
8.321862
8.322694
8.323526
8.324358
8.32519
8.326022
8.326854
8.327686
8.328518
8.32935
8.330182
8.331014
8.331846
8.332678
8.33351
8.334342
8.335174
8.336006
8.336838
8.33767
8.338502
8.339334
8.340166
8.340582
8.341414
8.342246
8.343078
8.34391
8.344742
8.345574
8.346406
8.347238
8.34807
8.376166
8.377798
8.37863
8.379462
8.380294
8.381126
8.381958
8.38279
8.383622
8.384454
8.385286
8.386118
8.38695
8.387782
8.388614
8.389446
8.390278
8.39111
8.391942
8.392774
8.393606
8.394438
8.39527
8.396102
8.396934
8.397766
8.398598
8.39943
8.400262
8.401094
8.401926
8.402758
8.40359
8.404006
8.404838
8.40567
8.406502
8.407334
8.408166
8.408998
8.40983
8.410662
8.411494
8.438758
8.44039
8.441222
8.442054
8.442886
8.443718
8.44455
8.445382
8.446214
8.447046
8.447878
8.44871
8.449542
8.450374
8.451206
8.452038
8.45287
8.453702
8.454534
8.455366
8.456198
8.45703
8.457862
8.458694
8.459526
8.460358
8.46119
8.462022
8.462854
8.463686
8.464518
8.46535
8.466182
8.467014
8.467846
8.468262
8.469094
8.469926
8.470758
8.47159
8.472422
8.473254
8.474086
8.474918
8.50135
8.502982
8.503814
8.504646
8.505478
8.50631
8.507142
8.507974
8.508806
8.509638
8.51047
8.511302
8.512134
8.512966
8.513798
8.51463
8.515462
8.516294
8.517126
8.517958
8.51879
8.519622
8.520454
8.521286
8.522118
8.52295
8.523782
8.524614
8.525446
8.526278
8.52711
8.527942
8.528774
8.529606
8.530438
8.53127
8.531686
8.532518
8.53335
8.534182
8.535014
8.535846
8.536678
8.53751
8.538342
8.563942
8.565574
8.566406
8.567238
8.56807
8.568902
8.569734
8.570566
8.571398
8.57223
8.573062
8.573894
8.574726
8.575558
8.57639
8.577222
8.578054
8.578886
8.579718
8.58055
8.581382
8.582214
8.583046
8.583878
8.58471
8.585542
8.586374
8.587206
8.588038
8.58887
8.589702
8.590534
8.591366
8.592198
8.59303
8.593862
8.594694
8.595526
8.595942
8.596774
8.597606
8.598438
8.59927
8.600102
8.600934
8.601766
8.626534
8.628166
8.628998
8.62983
8.630662
8.631494
8.632326
8.633158
8.63399
8.634822
8.635654
8.636486
8.637318
8.63815
8.638982
8.639814
8.640646
8.641478
8.64231
8.643142
8.643974
8.644806
8.645638
8.64647
8.647302
8.648134
8.648966
8.649798
8.65063
8.651462
8.652294
8.653126
8.653958
8.65479
8.655622
8.656454
8.657286
8.658118
8.65895
8.659366
8.660198
8.66103
8.661862
8.662694
8.663526
8.664358
8.66519
8.689126
8.690758
8.69159
8.692422
8.693254
8.694086
8.694918
8.69575
8.696582
8.697414
8.698246
8.699078
8.69991
8.700742
8.701574
8.702406
8.703238
8.70407
8.704902
8.705734
8.706566
8.707398
8.70823
8.709062
8.709894
8.710726
8.711558
8.71239
8.713222
8.714054
8.714886
8.715718
8.71655
8.717382
8.718214
8.719046
8.719878
8.72071
8.721542
8.722374
8.723206
8.723622
8.724454
8.725286
8.726118
8.72695
8.727782
8.728614
8.751718
8.75335
8.754182
8.755014
8.755846
8.756678
8.75751
8.758342
8.759174
8.760006
8.760838
8.76167
8.762502
8.763334
8.764166
8.764998
8.76583
8.766662
8.767494
8.768326
8.769158
8.76999
8.770822
8.771654
8.772486
8.773318
8.77415
8.774982
8.775814
8.776646
8.777478
8.77831
8.779142
8.779974
8.780806
8.781638
8.78247
8.783302
8.784134
8.784966
8.785798
8.78663
8.787046
8.787878
8.78871
8.789542
8.790374
8.791206
8.792038
8.81431
8.815942
8.816774
8.817606
8.818438
8.81927
8.820102
8.820934
8.821766
8.822598
8.82343
8.824262
8.825094
8.825926
8.826758
8.82759
8.828422
8.829254
8.830086
8.830918
8.83175
8.832582
8.833414
8.834246
8.835078
8.83591
8.836742
8.837574
8.838406
8.839238
8.84007
8.840902
8.841734
8.842566
8.843398
8.84423
8.845062
8.845894
8.846726
8.847558
8.84839
8.849222
8.850054
8.850886
8.851302
8.852134
8.852966
8.853798
8.85463
8.855462
8.876902
8.878534
8.879366
8.880198
8.88103
8.881862
8.882694
8.883526
8.884358
8.88519
8.886022
8.886854
8.887686
8.888518
8.88935
8.890182
8.891014
8.891846
8.892678
8.89351
8.894342
8.895174
8.896006
8.896838
8.89767
8.898502
8.899334
8.900166
8.900998
8.90183
8.902662
8.903494
8.904326
8.905158
8.90599
8.906822
8.907654
8.908486
8.909318
8.91015
8.910982
8.911814
8.912646
8.913478
8.91431
8.914726
8.915558
8.91639
8.917222
8.918054
8.918886
8.939494
8.941126
8.941958
8.94279
8.943622
8.944454
8.945286
8.946118
8.94695
8.947782
8.948614
8.949446
8.950278
8.95111
8.951942
8.952774
8.953606
8.954438
8.95527
8.956102
8.956934
8.957766
8.958598
8.95943
8.960262
8.961094
8.961926
8.962758
8.96359
8.964422
8.965254
8.966086
8.966918
8.96775
8.968582
8.969414
8.970246
8.971078
8.97191
8.972742
8.973574
8.974406
8.975238
8.97607
8.976902
8.977734
8.978566
8.978982
8.979814
8.980646
8.981478
8.98231
9.002086
9.003718
9.00455
9.005382
9.006214
9.007046
9.007878
9.00871
9.009542
9.010374
9.011206
9.012038
9.01287
9.013702
9.014534
9.015366
9.016198
9.01703
9.017862
9.018694
9.019526
9.020358
9.02119
9.022022
9.022854
9.023686
9.024518
9.02535
9.026182
9.027014
9.027846
9.028678
9.02951
9.030342
9.031174
