60.192
62.592
63.424
62.592
63.424
63.424
64.256
62.592
63.424
63.424
64.256
64.256
65.088
65.088
65.92
62.592
63.424
63.424
64.256
64.256
65.088
65.088
65.92
65.92
66.752
66.752
67.584
67.584
68.416
68.416
69.248
62.592
63.424
63.424
64.256
64.256
65.088
65.088
65.92
65.92
66.752
66.752
67.584
67.584
68.416
68.416
69.248
69.248
70.08
70.08
70.912
70.912
71.744
71.744
72.576
72.576
73.408
73.408
74.24
176.224
176.224
141.107
141.107
141.107
141.107
141.107
141.107
141.107
141.107
141.107
141.107
141.107
167.962
167.962
167.962
192.09
192.07
153.549
64.256
64.256
65.088
65.088
65.92
65.92
66.752
66.752
67.584
67.584
68.416
68.416
69.248
69.248
70.08
70.08
70.912
70.912
71.744
62.592
63.424
63.424
64.256
64.256
65.088
62.592
63.424
63.444
64.276
64.295
64.295
64.295
64.295
64.295
64.295
64.295
64.295
64.295
64.295
64.295
64.295
64.295
64.295
64.295
64.295
64.295
65.127
65.127
65.127
65.127
62.592
62.592
62.592
62.592
62.592
62.592
62.592
62.592
62.592
62.592
62.592
62.592
62.592
62.592
62.592
62.592
62.592
62.592
62.592
62.592
62.592
62.592
62.592
62.592
62.592
62.592
62.592
62.592
63.424
63.424
63.424
63.424
62.592
62.592
62.592
62.592
62.592
62.592
62.592
62.592
62.592
62.592
62.592
62.592
62.592
62.592
62.592
62.592
62.592
62.592
62.592
62.592
62.592
62.592
62.592
62.592
62.592
62.592
62.592
62.592
62.592
62.592
63.424
63.424
63.424
62.592
62.592
62.592
62.592
62.592
62.592
62.592
62.592
62.592
62.592
62.592
62.592
62.592
62.592
62.592
62.592
62.592
62.592
62.592
62.592
62.592
62.592
62.592
62.592
62.592
62.592
62.592
62.592
62.592
62.592
62.592
63.424
63.424
63.424
62.592
62.592
62.592
62.592
62.592
62.592
62.592
62.592
62.592
62.592
62.592
62.592
62.592
62.592
62.592
62.592
62.592
62.592
62.592
62.592
62.592
62.592
62.592
62.592
62.592
62.592
62.592
62.592
62.592
62.592
62.592
62.592
62.592
63.424
63.424
62.592
62.592
62.592
62.592
62.592
62.592
62.592
62.592
62.592
62.592
62.592
62.592
62.592
62.592
62.592
62.592
62.592
62.592
62.592
62.592
62.592
62.592
62.592
62.592
62.592
62.592
62.592
62.592
62.592
62.592
62.592
62.592
62.592
62.592
63.424
63.424
62.592
62.592
62.592
62.592
62.592
62.592
62.592
62.592
62.592
62.592
62.592
62.592
62.592
62.592
62.592
62.592
62.592
62.592
62.592
62.592
62.592
62.592
62.592
62.592
62.592
62.592
62.592
62.592
62.592
62.592
62.592
62.592
62.592
62.592
62.592
62.592
63.424
62.592
62.592
62.592
62.592
62.592
62.592
62.592
62.592
62.592
62.592
62.592
62.592
62.592
62.592
62.592
62.592
62.592
62.592
62.592
62.592
62.592
62.592
62.592
62.592
62.592
62.592
62.592
62.592
62.592
62.592
62.592
62.592
62.592
62.592
62.592
62.592
62.592
63.424
62.592
62.592
62.592
62.592
62.592
62.592
62.592
62.592
62.592
62.592
62.592
62.592
62.592
62.592
62.592
62.592
62.592
62.592
62.592
62.592
62.592
62.592
62.592
62.592
62.592
62.592
62.592
62.592
62.592
62.592
62.592
62.592
62.592
62.592
62.592
62.592
62.592
62.592
62.592
63.424
63.424
63.424
63.424
63.424
63.424
62.592
62.592
62.592
62.592
62.592
62.592
62.592
62.592
62.592
62.592
62.592
62.592
62.592
62.592
62.592
62.592
62.592
62.592
62.592
62.592
62.592
62.592
62.592
62.592
62.592
62.592
62.592
62.592
62.592
62.592
62.592
62.592
62.592
62.592
63.424
63.424
63.424
63.424
63.424
63.424
62.592
62.592
62.592
62.592
62.592
62.592
62.592
62.592
62.592
62.592
62.592
62.592
62.592
62.592
62.592
62.592
62.592
62.592
62.592
62.592
62.592
62.592
62.592
62.592
62.592
62.592
62.592
62.592
62.592
62.592
62.592
62.592
62.592
62.592
62.592
62.592
63.424
63.424
63.424
63.424
63.424
62.592
62.592
62.592
62.592
62.592
62.592
62.592
62.592
62.592
62.592
62.592
62.592
62.592
62.592
62.592
62.592
62.592
62.592
62.592
62.592
62.592
62.592
62.592
62.592
62.592
62.592
62.592
62.592
62.592
62.592
62.592
62.592
62.592
62.592
62.592
62.592
62.592
63.424
63.424
63.424
63.424
63.424
62.592
62.592
62.592
62.592
62.592
62.592
62.592
62.592
62.592
62.592
62.592
62.592
62.592
62.592
62.592
62.592
62.592
62.592
62.592
62.592
62.592
62.592
62.592
62.592
62.592
62.592
62.592
62.592
62.592
62.592
62.592
62.592
62.592
62.592
62.592
62.592
62.592
62.592
62.592
63.424
63.424
63.424
63.424
62.592
62.592
62.592
62.592
62.592
62.592
62.592
62.592
62.592
62.592
62.592
62.592
62.592
62.592
62.592
62.592
62.592
62.592
62.592
62.592
62.592
62.592
62.592
62.592
62.592
62.592
62.592
62.592
62.592
62.592
62.592
62.592
62.592
62.592
62.592
62.592
62.592
62.592
62.592
62.592
63.424
63.424
63.424
63.424
62.592
62.592
62.592
62.592
62.592
62.592
62.592
62.592
62.592
62.592
62.592
62.592
62.592
62.592
62.592
62.592
62.592
62.592
62.592
62.592
62.592
62.592
62.592
62.592
62.592
62.592
62.592
62.592
62.592
62.592
62.592
62.592
62.592
62.592
62.592
62.592
62.592
62.592
62.592
62.592
62.592
62.592
63.424
63.424
63.424
62.592
62.592
62.592
62.592
62.592
62.592
62.592
62.592
62.592
62.592
62.592
62.592
62.592
62.592
62.592
62.592
62.592
62.592
62.592
62.592
62.592
62.592
62.592
62.592
62.592
62.592
62.592
62.592
62.592
62.592
62.592
62.592
62.592
62.592
62.592
62.592
62.592
62.592
62.592
62.592
62.592
62.592
62.592
63.424
63.424
63.424
62.592
62.592
62.592
62.592
62.592
62.592
62.592
62.592
62.592
62.592
62.592
62.592
62.592
62.592
62.592
62.592
62.592
62.592
62.592
62.592
62.592
62.592
62.592
62.592
62.592
62.592
62.592
62.592
62.592
62.592
62.592
62.592
62.592
62.592
62.592
62.592
62.592
62.592
62.592
62.592
62.592
62.592
62.592
62.592
62.592
63.424
63.424
62.592
62.592
62.592
62.592
62.592
62.592
62.592
62.592
62.592
62.592
62.592
62.592
62.592
62.592
62.592
62.592
62.592
62.592
62.592
62.592
62.592
62.592
62.592
62.592
62.592
62.592
62.592
62.592
62.592
62.592
62.592
62.592
62.592
62.592
62.592
62.592
62.592
62.592
62.592
62.592
62.592
62.592
62.592
62.592
62.592
62.592
63.424
63.424
62.592
62.592
62.592
62.592
62.592
62.592
62.592
62.592
62.592
62.592
62.592
62.592
62.592
62.592
62.592
62.592
62.592
62.592
62.592
62.592
62.592
62.592
62.592
62.592
62.592
62.592
62.592
62.592
62.592
62.592
62.592
62.592
62.592
62.592
62.592
62.592
62.592
62.592
62.592
62.592
62.592
62.592
62.592
62.592
62.592
62.592
62.592
62.592
63.424
62.592
62.592
62.592
62.592
62.592
62.592
62.592
62.592
62.592
62.592
62.592
62.592
62.592
62.592
62.592
62.592
62.592
62.592
62.592
62.592
62.592
62.592
62.592
62.592
62.592
62.592
62.592
62.592
62.592
62.592
62.592
62.592
62.592
62.592
62.592
62.592
62.592
62.592
62.592
62.592
62.592
62.592
62.592
62.592
62.592
62.592
62.592
62.592
62.592
63.424
62.592
62.592
62.592
62.592
62.592
62.592
62.592
62.592
62.592
62.592
62.592
62.592
62.592
62.592
62.592
62.592
62.592
62.592
62.592
62.592
62.592
62.592
62.592
62.592
62.592
62.592
62.592
62.592
62.592
62.592
62.592
62.592
62.592
62.592
62.592
62.592
62.592
62.592
62.592
62.592
62.592
62.592
62.592
62.592
62.592
62.592
62.592
62.592
62.592
62.592
62.592
63.424
63.424
63.424
63.424
63.424
63.424
63.424
63.424
63.424
63.424
63.424
63.424
63.424
63.424
63.424
63.424
63.424
63.424
63.424
63.424
63.424
63.424
63.424
63.424
63.424
63.424
63.424
63.424
63.424
63.424
63.424
63.424
62.592
62.592
62.592
62.592
62.592
62.592
62.592
62.592
62.592
62.592
62.592
62.592
62.592
62.592
62.592
62.592
62.592
62.592
62.592
62.592
63.424
63.424
63.424
63.424
63.424
63.424
63.424
63.424
63.424
63.424
63.424
63.424
63.424
63.424
63.424
63.424
63.424
63.424
63.424
63.424
63.424
63.424
63.424
63.424
63.424
63.424
63.424
63.424
63.424
63.424
63.424
63.424
62.662
62.662
63.462
64.262
64.262
65.062
65.062
65.862
65.862
66.662
66.662
67.462
67.462
68.262
68.262
69.062
69.062
69.862
64.614
64.614
65.414
65.414
67.046
67.046
67.846
67.846
68.646
68.646
69.446
69.446
70.246
70.246
71.046
71.046
71.846
71.846
72.646
72.646
73.446
74.246
151.04
151.008
184.896
184.064
184.032
184.0
137.734
137.683
66.534
64.102
64.902
64.902
64.902
64.902
64.902
64.902
65.734
62.592
64.224
64.224
65.856
65.056
66.688
65.888
67.52
66.74
68.372
67.572
67.572
67.572
67.572
67.591
68.423
69.223
68.423
68.442
68.442
68.442
68.442
68.442
68.442
68.442
69.242
69.242
62.592
62.592
63.392
63.392
63.392
63.392
64.192
64.192
64.192
64.192
64.992
64.992
65.792
65.792
64.992
66.624
66.624
66.624
66.624
66.624
66.624
66.624
66.624
66.624
66.624
66.624
66.624
66.624
62.592
62.592
62.592
62.592
63.392
63.392
63.392
63.392
64.192
64.192
64.192
64.192
64.192
64.192
64.192
64.192
64.192
65.824
65.024
65.824
65.024
65.824
65.824
65.824
65.824
65.824
65.824
65.024
65.824
63.366
63.366
63.366
63.366
63.366
63.366
63.366
63.366
63.366
63.366
63.366
63.366
63.366
63.366
63.366
63.366
63.366
63.366
64.998
64.998
64.998
64.998
64.998
64.998
64.998
64.998
64.998
64.998
64.998
64.998
62.592
62.592
62.592
62.592
62.592
62.592
62.592
62.592
62.592
62.592
62.592
62.592
62.592
62.592
62.592
62.592
63.392
63.392
63.392
64.192
65.024
65.024
65.024
65.024
65.024
65.024
65.024
65.024
65.024
65.024
65.024
62.592
62.592
62.592
62.592
62.592
62.592
62.592
62.592
62.592
62.592
62.592
62.592
62.592
63.392
63.392
63.392
63.392
63.392
63.392
63.392
63.392
65.024
64.224
64.224
64.224
64.224
64.224
64.224
64.224
64.224
64.224
64.224
62.592
62.592
62.592
62.592
62.592
62.592
62.592
63.392
63.392
63.392
63.392
63.392
63.392
62.592
62.592
62.592
62.592
62.592
62.592
62.592
63.392
63.392
63.392
65.024
64.224
64.224
64.224
64.224
64.224
64.224
64.224
64.224
64.224
62.592
63.392
63.392
63.392
63.392
63.392
63.392
62.592
62.592
62.592
62.592
62.592
62.592
62.592
62.592
62.592
62.592
62.592
62.592
62.592
62.592
62.592
63.392
63.392
64.224
65.024
65.024
65.024
65.024
65.024
65.024
65.024
65.024
65.024
63.232
62.592
62.592
62.592
62.592
62.592
62.592
62.592
62.592
62.592
62.592
62.592
62.592
62.592
62.592
62.592
62.592
62.592
62.592
62.592
63.392
63.392
63.392
63.392
63.392
63.392
65.024
64.224
64.224
64.224
64.224
64.224
64.224
64.224
64.224
62.592
62.592
62.592
62.592
62.592
62.592
62.592
62.592
62.592
62.592
62.592
62.592
62.592
62.592
63.392
63.392
63.392
63.392
63.392
63.392
62.592
62.592
62.592
62.592
63.392
63.392
63.392
64.224
65.024
64.224
64.224
64.224
64.224
64.224
64.224
64.224
62.592
62.592
62.592
62.592
62.592
62.592
62.592
62.592
63.392
63.392
63.392
63.392
63.392
63.392
62.592
62.592
62.592
62.592
62.592
62.592
62.592
62.592
62.592
62.592
62.592
62.592
62.592
63.392
63.392
64.224
65.024
64.224
64.224
64.224
65.024
65.024
65.024
62.592
62.592
63.392
63.392
63.392
63.392
63.392
63.392
62.592
62.592
62.592
62.592
62.592
62.592
62.592
62.592
62.592
62.592
62.592
62.592
62.592
62.592
62.592
62.592
62.592
62.592
62.592
63.392
63.392
63.392
65.024
64.224
65.024
65.024
65.024
64.224
64.224
64.224
62.976
63.616
62.816
62.816
62.816
62.816
62.816
62.816
62.816
62.816
62.816
62.816
62.816
62.816
62.816
62.816
62.816
62.816
62.816
62.816
62.816
63.616
63.616
63.616
63.616
63.616
63.616
62.816
62.816
63.616
63.616
63.616
65.248
64.448
64.448
64.448
64.448
64.448
64.448
64.448
63.648
63.648
63.648
63.648
63.648
63.648
63.648
64.448
64.448
64.448
64.448
64.448
64.448
64.448
64.448
64.448
64.448
64.448
64.448
64.448
63.648
63.648
63.648
63.648
63.648
63.648
63.648
63.648
63.648
63.648
64.448
64.448
66.08
66.08
66.08
66.08
66.08
66.08
66.08
65.28
65.28
65.28
65.28
65.28
65.28
65.28
65.28
65.28
65.28
65.28
65.28
65.28
65.28
65.28
65.28
65.28
65.28
65.28
65.28
65.28
65.28
65.28
65.28
65.28
65.28
65.28
65.28
65.28
65.28
65.28
65.28
65.28
65.28
66.08
66.912
66.912
66.912
66.912
66.912
66.912
66.912
66.912
66.912
66.912
66.912
66.912
66.912
66.912
66.912
66.912
66.912
66.912
66.912
66.912
66.912
66.912
66.912
66.912
66.912
66.912
66.912
66.912
66.912
66.912
66.912
66.912
66.912
66.912
66.912
66.912
66.912
66.912
66.912
66.912
66.912
67.712
68.544
68.544
68.544
68.544
68.544
68.544
68.544
68.544
68.544
68.544
68.544
68.544
68.544
68.544
67.744
67.744
67.744
67.744
67.744
68.544
68.544
68.544
68.544
68.544
68.544
68.544
68.544
68.544
68.544
68.544
68.544
68.544
68.544
68.544
68.544
68.544
68.544
68.544
68.544
68.544
68.544
68.544
68.544
68.544
70.176
70.176
70.176
70.176
70.176
70.176
70.176
70.176
70.176
70.176
70.176
70.176
70.176
70.176
70.176
70.176
70.176
70.176
69.376
69.376
69.376
69.376
69.376
69.376
69.376
69.376
70.176
70.176
70.176
70.176
70.176
70.176
70.176
70.176
70.176
70.176
70.176
70.176
70.176
70.176
70.176
70.176
70.176
70.176
71.808
71.008
71.008
71.008
71.008
71.008
71.008
71.008
71.808
71.808
71.808
71.808
71.808
71.808
71.808
71.808
71.808
71.808
71.808
71.808
71.808
71.808
71.808
71.808
71.808
71.808
71.008
71.008
71.008
71.008
71.008
71.008
71.008
71.808
71.808
71.808
71.808
71.808
71.808
71.808
71.808
71.808
71.808
71.808
71.808
72.608
73.44
73.44
73.44
73.44
73.44
73.44
73.44
72.64
72.64
72.64
72.64
72.64
72.64
73.44
73.44
73.44
73.44
73.44
73.44
73.44
73.44
73.44
73.44
73.44
73.44
73.44
73.44
73.44
73.44
73.44
73.44
73.44
72.64
72.64
72.64
72.64
72.64
72.64
73.44
73.44
73.44
73.44
73.44
73.44
150.95
151.731
103.258
63.29
63.29
63.29
63.29
63.29
63.29
63.29
63.29
63.29
63.29
63.29
63.29
63.29
63.29
63.29
63.29
63.29
63.29
63.29
62.592
62.611
64.243
62.592
62.592
62.592
62.592
62.592
62.592
62.592
62.592
62.592
62.592
62.592
62.592
62.592
62.592
64.224
63.424
63.424
63.424
63.424
63.424
64.224
64.122
64.122
64.122
62.592
62.592
62.592
62.592
62.592
62.592
62.592
62.592
62.592
62.592
62.592
62.592
62.592
63.392
63.392
64.224
65.024
64.224
64.224
64.224
64.224
64.224
64.224
64.224
64.224
62.592
62.592
62.592
62.592
62.592
62.592
62.592
63.392
63.392
63.392
63.392
63.392
63.392
62.592
62.592
63.392
63.392
64.224
65.024
64.224
64.224
64.224
64.224
64.224
64.224
64.224
62.592
63.392
63.392
63.392
63.392
63.392
63.392
62.592
62.592
62.592
62.592
62.592
62.592
62.592
62.592
62.592
62.592
63.392
64.224
64.224
64.224
64.224
64.224
64.224
64.224
64.224
64.224
63.232
62.592
62.592
62.592
62.592
62.592
62.592
62.592
62.592
62.592
62.592
62.592
62.592
62.592
62.592
62.592
62.592
62.592
63.392
63.392
65.024
65.024
65.024
65.024
64.224
64.224
64.224
64.224
62.592
62.592
62.592
62.592
62.592
62.592
62.592
62.592
62.592
62.592
62.592
62.592
62.592
62.592
63.392
63.392
63.392
63.392
63.392
63.392
63.392
64.224
65.024
64.224
64.224
64.224
64.224
64.224
64.224
62.592
62.592
62.592
62.592
62.592
62.592
62.592
62.592
63.392
63.392
63.392
63.392
63.392
63.392
62.592
62.592
62.592
62.592
62.592
62.592
62.592
63.392
63.392
64.224
65.024
64.224
64.224
64.224
64.224
64.224
62.592
62.592
63.392
63.392
63.392
63.392
63.392
63.392
62.592
62.592
62.592
62.592
62.592
62.592
62.592
62.592
62.592
62.592
62.592
62.592
62.592
62.592
62.592
63.392
64.224
64.224
64.224
64.224
65.024
65.024
65.024
62.592
63.232
62.592
62.592
62.592
62.592
62.592
62.592
62.592
62.592
62.592
62.592
62.592
62.592
62.592
62.592
62.592
62.592
62.592
62.592
62.592
63.392
63.392
63.392
63.392
63.392
65.024
65.024
65.024
64.224
64.224
64.224
63.232
62.592
62.592
62.592
62.592
62.592
62.592
62.592
62.592
62.592
62.592
62.592
62.592
62.592
62.592
63.392
63.392
63.392
63.392
63.392
63.392
62.592
62.592
62.592
63.392
63.392
63.392
64.224
65.024
64.224
64.224
64.224
64.224
62.592
62.592
62.592
62.592
62.592
62.592
62.592
62.592
62.592
63.392
63.392
63.392
63.392
63.392
63.392
62.592
62.592
62.592
62.592
62.592
62.592
62.592
62.592
62.592
62.592
62.592
62.592
63.392
63.392
64.224
65.024
64.224
64.224
64.224
62.592
62.592
62.592
63.392
63.392
63.392
63.392
63.392
63.392
62.592
62.592
62.592
62.592
62.592
62.592
62.592
62.592
62.592
62.592
62.592
62.592
62.592
62.592
62.592
62.592
62.592
62.592
62.592
63.392
63.392
65.024
64.224
65.024
65.024
65.024
62.592
62.592
63.232
62.592
62.592
62.592
62.592
62.592
62.592
62.592
62.592
62.592
62.592
62.592
62.592
62.592
62.592
62.592
62.592
62.592
62.592
62.592
63.392
63.392
63.392
63.392
63.392
63.392
62.592
63.392
63.392
63.392
65.024
64.224
64.224
64.224
62.592
63.232
62.592
62.592
62.592
62.592
62.592
62.592
62.592
62.592
62.592
62.592
62.592
62.592
62.592
62.592
63.392
63.392
63.392
63.392
63.392
63.392
62.592
62.592
62.592
62.592
62.592
62.592
62.592
62.592
62.592
63.392
63.392
64.224
65.024
64.224
64.224
63.232
62.592
62.592
62.592
62.592
62.592
62.592
62.592
62.592
62.592
63.392
63.392
63.392
63.392
63.392
63.392
62.592
62.592
62.592
62.592
62.592
62.592
62.592
62.592
62.592
62.592
62.592
62.592
62.592
62.592
62.592
62.592
62.592
63.392
63.392
65.024
65.024
65.024
63.296
63.136
62.976
62.816
63.616
63.616
63.616
63.616
63.616
63.616
62.816
62.816
62.816
62.816
62.816
62.816
62.816
62.816
62.816
62.816
62.816
62.816
62.816
62.816
62.816
62.816
62.816
62.816
62.816
63.616
63.616
63.616
63.616
63.616
63.616
63.616
64.448
65.248
64.448
64.448
64.448
64.448
64.448
63.648
63.648
63.648
63.648
63.648
63.648
63.648
63.648
63.648
63.648
63.648
63.648
64.448
64.448
64.448
64.448
64.448
64.448
64.448
64.448
64.448
64.448
64.448
64.448
64.448
63.648
63.648
63.648
63.648
63.648
63.648
63.648
64.448
64.448
65.28
66.08
65.28
65.28
65.28
65.28
65.28
65.28
65.28
65.28
65.28
65.28
65.28
65.28
65.28
65.28
65.28
65.28
65.28
65.28
65.28
65.28
65.28
65.28
65.28
65.28
65.28
65.28
65.28
65.28
65.28
65.28
65.28
65.28
65.28
65.28
65.28
65.28
65.28
65.28
66.08
66.912
66.912
66.912
66.912
66.912
66.912
66.912
66.912
66.912
66.912
66.912
66.912
66.912
66.912
66.912
66.912
66.912
66.912
66.912
66.912
66.912
66.912
66.912
66.912
66.912
66.912
66.912
66.912
66.912
66.912
66.912
66.912
66.912
66.912
66.912
66.912
66.912
66.912
66.912
66.912
66.912
67.712
67.712
68.544
68.544
68.544
68.544
68.544
68.544
68.544
68.544
68.544
68.544
68.544
68.544
68.544
68.544
68.544
68.544
68.544
67.744
67.744
67.744
67.744
67.744
68.544
68.544
68.544
68.544
68.544
68.544
68.544
68.544
68.544
68.544
68.544
68.544
68.544
68.544
68.544
68.544
68.544
68.544
68.544
68.544
68.544
70.176
69.376
69.376
69.376
69.376
70.176
70.176
70.176
70.176
70.176
70.176
70.176
70.176
70.176
70.176
70.176
70.176
70.176
70.176
70.176
70.176
70.176
69.376
69.376
69.376
69.376
69.376
69.376
69.376
69.376
70.176
70.176
70.176
70.176
70.176
70.176
70.176
70.176
70.176
70.176
70.176
70.176
70.176
70.176
70.976
71.808
71.808
71.808
71.808
71.008
71.008
71.008
71.008
71.008
71.008
71.008
71.808
71.808
71.808
71.808
71.808
71.808
71.808
71.808
71.808
71.808
71.808
71.808
71.808
71.808
71.808
71.808
71.808
71.808
71.008
71.008
71.008
71.008
71.008
71.008
71.008
71.808
71.808
71.808
71.808
71.808
71.808
71.808
71.808
72.608
73.44
73.44
73.44
73.44
73.44
73.44
73.44
73.44
73.44
73.44
73.44
72.64
72.64
72.64
72.64
72.64
72.64
73.44
73.44
73.44
73.44
73.44
73.44
73.44
73.44
73.44
73.44
73.44
73.44
73.44
73.44
73.44
73.44
73.44
73.44
73.44
72.64
72.64
72.64
72.64
72.64
73.44
73.44
73.44
150.15
150.099
103.379
63.392
63.392
63.392
63.392
63.392
63.392
63.392
63.392
63.392
63.392
63.392
63.392
63.392
63.392
63.392
63.392
63.392
63.392
63.392
63.392
62.611
64.243
63.226
62.592
62.592
62.592
62.592
62.592
62.592
62.592
62.592
62.592
62.592
62.592
62.592
62.592
64.224
63.424
63.424
63.424
63.424
63.424
63.424
64.224
64.224
64.224
62.592
62.592
62.592
62.592
62.592
62.592
62.592
62.592
62.592
62.592
62.592
62.592
62.592
62.592
63.392
64.224
65.024
64.224
64.224
64.224
64.224
64.224
64.224
64.224
64.224
62.592
62.592
62.592
62.592
62.592
62.592
62.592
62.592
63.392
63.392
63.392
63.392
63.392
63.392
62.592
63.392
63.392
64.224
65.024
64.224
64.224
64.224
64.224
64.224
64.224
64.224
62.592
62.592
63.392
63.392
63.392
63.392
63.392
63.392
62.592
62.592
62.592
62.592
62.592
62.592
62.592
62.592
62.592
63.392
64.224
64.224
64.224
64.224
64.224
64.224
64.224
64.224
64.224
62.592
63.226
62.592
62.592
62.592
62.592
62.592
62.592
62.592
62.592
62.592
62.592
62.592
62.592
62.592
62.592
62.592
62.592
63.392
63.392
64.224
65.024
65.024
65.024
65.024
64.224
64.224
64.224
63.232
62.592
62.592
62.592
62.592
62.592
62.592
62.592
62.592
62.592
62.592
62.592
62.592
62.592
62.592
63.392
63.392
63.392
63.392
63.392
63.392
65.024
64.224
64.224
64.224
64.224
64.224
64.224
64.224
62.592
62.592
62.592
62.592
62.592
62.592
62.592
62.592
62.592
63.392
63.392
63.392
63.392
63.392
63.392
62.592
62.592
62.592
62.592
62.592
63.392
63.392
63.392
65.024
64.224
64.224
64.224
64.224
64.224
64.224
62.592
62.592
62.592
63.392
63.392
63.392
63.392
63.392
63.392
62.592
62.592
62.592
62.592
62.592
62.592
62.592
62.592
62.592
62.592
62.592
62.592
62.592
63.392
63.392
64.224
65.024
64.224
64.224
64.224
65.024
65.024
62.592
62.592
63.226
62.592
62.592
62.592
62.592
62.592
62.592
62.592
62.592
62.592
62.592
62.592
62.592
62.592
62.592
62.592
62.592
62.592
62.592
62.592
63.392
63.392
63.392
63.392
65.024
65.024
65.024
65.024
64.224
64.224
62.592
63.232
62.592
62.592
62.592
62.592
62.592
62.592
62.592
62.592
62.592
62.592
62.592
62.592
62.592
62.592
63.392
63.392
63.392
63.392
63.392
63.392
62.592
62.592
63.392
63.392
63.392
64.224
65.024
64.224
64.224
64.224
64.224
63.232
62.592
62.592
62.592
62.592
62.592
62.592
62.592
62.592
62.592
63.392
63.392
63.392
63.392
63.392
63.392
62.592
62.592
62.592
62.592
62.592
62.592
62.592
62.592
62.592
62.592
62.592
63.392
63.392
64.224
65.024
64.224
64.224
64.224
62.592
62.592
62.592
62.592
63.392
63.392
63.392
63.392
63.392
63.392
62.592
62.592
62.592
62.592
62.592
62.592
62.592
62.592
62.592
62.592
62.592
62.592
62.592
62.592
62.592
62.592
62.592
62.592
62.592
63.392
65.024
64.224
65.024
65.024
65.024
62.592
62.592
62.592
63.226
62.592
62.592
62.592
62.592
62.592
62.592
62.592
62.592
62.592
62.592
62.592
62.592
62.592
62.592
62.592
62.592
62.592
62.592
62.592
63.392
63.392
63.392
63.392
63.392
63.392
63.392
63.392
63.392
65.024
64.224
64.224
64.224
62.592
62.592
63.232
62.592
62.592
62.592
62.592
62.592
62.592
62.592
62.592
62.592
62.592
62.592
62.592
62.592
62.592
63.392
63.392
63.392
63.392
63.392
63.392
62.592
62.592
62.592
62.592
62.592
62.592
62.592
62.592
63.392
63.392
64.224
65.024
64.224
64.224
62.592
63.232
62.592
62.592
62.592
62.592
62.592
62.592
62.592
62.592
62.592
63.392
63.392
63.392
63.392
63.392
63.392
62.592
62.592
62.592
62.592
62.592
62.592
62.592
62.592
62.592
62.592
62.592
62.592
62.592
62.592
62.592
62.592
63.392
63.392
64.224
65.024
65.024
64.102
63.302
63.142
62.982
62.816
63.616
63.616
63.616
63.616
63.616
63.616
62.816
62.816
62.816
62.816
62.816
62.816
62.816
62.816
62.816
62.816
62.816
62.816
62.816
62.816
62.816
62.816
62.816
62.816
62.816
63.616
63.616
63.616
63.616
63.616
63.616
65.248
64.448
64.448
64.448
64.448
64.448
64.448
64.448
63.648
63.648
63.648
63.648
63.648
63.648
63.648
63.648
63.648
63.648
63.648
63.648
64.448
64.448
64.448
64.448
64.448
64.448
64.448
64.448
64.448
64.448
64.448
64.448
64.448
63.648
63.648
63.648
63.648
63.648
64.448
64.448
64.448
66.08
65.28
65.28
65.28
65.28
65.28
65.28
65.28
65.28
65.28
65.28
65.28
65.28
65.28
65.28
65.28
65.28
65.28
65.28
65.28
65.28
65.28
65.28
65.28
65.28
65.28
65.28
65.28
65.28
65.28
65.28
65.28
65.28
65.28
65.28
65.28
65.28
65.28
65.28
66.08
66.08
66.912
67.712
66.912
66.912
66.912
66.912
66.912
66.912
66.912
66.912
66.912
66.912
66.912
66.912
66.912
66.912
66.912
66.912
66.912
66.912
66.912
66.912
66.912
66.912
66.912
66.912
66.912
66.912
66.912
66.912
66.912
66.912
66.912
66.912
66.912
66.912
66.912
66.912
66.912
66.912
66.912
67.712
67.712
68.544
68.544
68.544
68.544
68.544
68.544
68.544
68.544
68.544
68.544
68.544
68.544
68.544
68.544
68.544
68.544
68.544
68.544
67.744
67.744
67.744
67.744
67.744
68.544
68.544
68.544
68.544
68.544
68.544
68.544
68.544
68.544
68.544
68.544
68.544
68.544
68.544
68.544
68.544
68.544
68.544
68.544
68.544
70.176
69.376
69.376
69.376
69.376
69.376
70.176
70.176
70.176
70.176
70.176
70.176
70.176
70.176
70.176
70.176
70.176
70.176
70.176
70.176
70.176
70.176
70.176
69.376
69.376
69.376
69.376
69.376
69.376
69.376
69.376
70.176
70.176
70.176
70.176
70.176
70.176
70.176
70.176
70.176
70.176
70.176
70.176
70.176
70.976
71.808
71.808
71.808
71.808
71.808
71.008
71.008
71.008
71.008
71.008
71.008
71.008
71.808
71.808
71.808
71.808
71.808
71.808
71.808
71.808
71.808
71.808
71.808
71.808
71.808
71.808
71.808
71.808
71.808
71.808
71.008
71.008
71.008
71.008
71.008
71.008
71.008
71.808
71.808
71.808
71.808
71.808
71.808
71.808
72.608
73.44
73.44
73.44
73.44
73.44
73.44
73.44
73.44
73.44
73.44
73.44
73.44
72.64
72.64
72.64
72.64
72.64
72.64
73.44
73.44
73.44
73.44
73.44
73.44
73.44
73.44
73.44
73.44
73.44
73.44
73.44
73.44
73.44
73.44
73.44
73.44
73.44
72.64
72.64
72.64
72.64
73.44
73.44
73.44
150.151
150.1
103.379
62.592
63.392
63.392
63.392
63.392
63.392
63.392
63.392
63.392
63.392
63.392
63.392
63.392
63.392
63.392
63.392
63.392
63.392
63.392
63.392
62.611
63.443
62.592
62.592
62.592
62.592
62.592
62.592
62.592
62.592
62.592
62.592
62.592
62.592
62.592
62.592
63.424
62.624
62.592
62.592
62.592
62.592
62.592
62.592
62.592
62.592
62.592
62.592
62.592
62.592
62.592
62.592
62.592
62.592
62.592
62.592
62.592
62.592
62.592
62.592
62.592
62.592
63.424
62.656
62.592
62.592
62.592
62.592
62.592
62.592
62.592
62.592
62.592
62.592
62.592
62.592
62.592
62.592
62.592
62.592
62.592
62.592
62.592
62.592
62.592
62.592
62.592
62.592
63.424
63.424
62.688
62.592
62.592
62.592
62.592
62.592
62.592
62.592
62.592
62.592
62.592
62.592
62.592
62.592
62.592
62.592
62.592
62.592
62.592
62.592
62.592
62.592
62.592
62.592
62.592
63.424
63.424
63.424
62.72
62.592
62.592
62.592
62.592
62.592
62.592
62.592
62.592
62.592
62.592
62.592
62.592
62.592
62.592
62.592
62.592
62.592
62.592
62.592
62.592
62.592
62.592
62.592
62.592
62.592
63.424
63.424
63.424
62.752
62.592
62.592
62.592
62.592
62.592
62.592
62.592
62.592
62.592
62.592
62.592
62.592
62.592
62.592
62.592
62.592
62.592
62.592
62.592
62.592
62.592
62.592
62.592
62.592
62.592
63.424
63.424
63.424
63.424
62.784
62.592
62.592
62.592
62.592
62.592
62.592
62.592
62.592
62.592
62.592
62.592
62.592
62.592
62.592
62.592
62.592
62.592
62.592
62.592
62.592
62.592
62.592
62.592
62.592
62.592
62.592
63.424
63.424
63.424
63.424
62.816
62.592
62.592
62.592
62.592
62.592
62.592
62.592
62.592
62.592
62.592
62.592
62.592
62.592
62.592
62.592
62.592
62.592
62.592
62.592
62.592
62.592
62.592
62.592
62.592
62.592
62.592
63.424
63.424
63.424
63.424
63.424
62.848
62.848
62.592
62.592
62.592
62.592
62.592
62.592
62.592
62.592
62.592
62.592
62.592
62.592
62.592
62.592
62.592
62.592
62.592
62.592
62.592
62.592
62.592
62.592
62.592
62.592
62.592
62.592
63.424
63.424
63.424
63.424
63.424
63.424
62.592
62.592
62.592
62.592
62.592
62.592
62.592
62.592
62.592
62.592
62.592
62.592
62.592
62.592
62.592
62.592
62.592
62.592
62.592
62.592
62.592
62.592
62.592
62.592
62.592
62.592
62.592
63.424
63.424
63.424
63.424
63.424
63.424
62.592
62.592
62.592
62.592
62.592
62.592
62.592
62.592
62.592
62.592
62.592
62.592
62.592
62.592
62.592
62.592
62.592
62.592
62.592
62.592
62.592
62.592
62.592
62.592
62.592
62.592
62.592
62.592
62.592
63.424
63.424
63.424
63.424
63.424
62.592
62.592
62.592
62.592
62.592
62.592
62.592
62.592
62.592
62.592
62.592
62.592
62.592
62.592
62.592
62.592
62.592
62.592
62.592
62.592
62.592
62.592
62.592
62.592
62.592
62.592
62.592
62.592
62.592
62.592
63.424
63.424
63.424
63.424
63.424
62.592
62.592
62.592
62.592
62.592
62.592
62.592
62.592
62.592
62.592
62.592
62.592
62.592
62.592
62.592
62.592
62.592
62.592
62.592
62.592
62.592
62.592
62.592
62.592
62.592
62.592
62.592
62.592
62.592
62.592
62.592
62.592
63.424
63.424
63.424
63.424
62.592
62.592
62.592
62.592
62.592
62.592
62.592
62.592
62.592
62.592
62.592
62.592
62.592
62.592
62.592
62.592
62.592
62.592
62.592
62.592
62.592
62.592
62.592
62.592
62.592
62.592
62.592
62.592
62.592
62.592
62.592
62.592
62.592
63.424
63.424
63.424
63.424
62.592
62.592
62.592
62.592
62.592
62.592
62.592
62.592
62.592
62.592
62.592
62.592
62.592
62.592
62.592
62.592
62.592
62.592
62.592
62.592
62.592
62.592
62.592
62.592
62.592
62.592
62.592
62.592
62.592
62.592
62.592
62.592
62.592
62.592
62.592
63.424
63.424
63.424
62.592
62.592
62.592
62.592
62.592
62.592
62.592
62.592
62.592
62.592
62.592
62.592
62.592
62.592
62.592
62.592
62.592
62.592
62.592
62.592
62.592
62.592
62.592
62.592
62.592
62.592
62.592
62.592
62.592
62.592
62.592
62.592
62.592
62.592
62.592
62.592
63.424
63.424
63.424
62.592
62.592
62.592
62.592
62.592
62.592
62.592
62.592
62.592
62.592
62.592
62.592
62.592
62.592
62.592
62.592
62.592
62.592
62.592
62.592
62.592
62.592
62.592
62.592
62.592
62.592
62.592
62.592
62.592
62.592
62.592
62.592
62.592
62.592
62.592
62.592
62.592
62.592
63.424
63.424
62.592
62.592
62.592
62.592
62.592
62.592
62.592
62.592
62.592
62.592
62.592
62.592
62.592
62.592
62.592
62.592
62.592
62.592
62.592
62.592
62.592
62.592
62.592
62.592
62.592
62.592
62.592
62.592
62.592
62.592
62.592
62.592
62.592
62.592
62.592
62.592
62.592
62.592
62.592
63.424
63.424
62.592
62.592
62.592
62.592
62.592
62.592
62.592
62.592
62.592
62.592
62.592
62.592
62.592
62.592
62.592
62.592
62.592
62.592
62.592
62.592
62.592
62.592
62.592
62.592
62.592
62.592
62.592
62.592
62.592
62.592
62.592
62.592
62.592
62.592
62.592
62.592
62.592
62.592
62.592
62.592
62.592
63.424
62.592
62.592
62.592
62.592
62.592
62.592
62.592
62.592
62.592
62.592
62.592
62.592
62.592
62.592
62.592
62.592
62.592
62.592
62.592
62.592
62.592
62.592
62.592
62.592
62.592
62.592
62.592
62.592
62.592
62.592
62.592
62.592
62.592
62.592
62.592
62.592
62.592
62.592
62.592
62.592
62.592
62.592
63.424
62.592
62.592
62.592
62.592
62.592
62.592
62.592
62.592
62.592
62.592
62.592
62.592
62.592
62.592
62.592
62.592
62.592
62.592
62.592
62.592
62.592
62.592
62.592
62.592
62.592
62.592
62.592
62.592
62.592
62.592
62.592
62.592
62.592
62.592
62.592
62.592
62.592
62.592
62.592
62.592
62.592
62.592
62.592
62.592
63.424
62.624
62.592
62.592
62.592
62.592
62.592
62.592
62.592
62.592
62.592
62.592
62.592
62.592
62.592
62.592
62.592
62.592
62.592
62.592
62.592
62.592
62.592
62.592
62.592
62.592
62.592
62.592
62.592
62.592
62.592
62.592
62.592
62.592
62.592
62.592
62.592
62.592
62.592
62.592
62.592
62.592
62.592
62.592
62.592
63.424
63.424
62.592
62.592
62.592
62.592
62.592
62.592
62.592
62.592
62.592
62.592
62.592
62.592
62.592
62.592
62.592
62.592
62.592
62.592
62.592
62.592
62.592
62.592
62.592
62.592
62.592
62.592
62.592
62.592
62.592
62.592
62.592
62.592
62.592
62.592
62.592
62.592
62.592
62.592
62.592
62.592
62.592
62.592
62.592
62.592
62.592
63.424
62.688
62.592
62.592
62.592
62.592
62.592
62.592
62.592
62.592
62.592
62.592
62.592
62.592
62.592
62.592
62.592
62.592
62.592
62.592
62.592
62.592
62.592
62.592
62.592
62.592
62.592
62.592
62.592
62.592
62.592
62.592
62.592
62.592
62.592
62.592
62.592
62.592
62.592
62.592
62.592
62.592
62.592
62.592
62.592
62.592
62.592
63.424
63.424
62.72
62.592
62.592
62.592
62.592
62.592
62.592
62.592
62.592
62.592
62.592
62.592
62.592
62.592
62.592
62.592
62.592
62.592
62.592
62.592
62.592
62.592
62.592
62.592
62.592
62.592
62.592
62.592
62.592
62.592
62.592
62.592
62.592
62.592
62.592
62.592
62.592
62.592
62.592
62.592
62.592
62.592
62.592
62.592
62.592
62.592
62.592
63.424
63.424
62.752
62.592
62.592
62.592
62.592
62.592
62.592
62.592
62.592
62.592
62.592
62.592
62.592
62.592
62.592
62.592
62.592
62.592
62.592
62.592
62.592
62.592
62.592
62.592
62.592
62.592
62.592
62.592
62.592
62.592
62.592
62.592
62.592
62.592
62.592
62.592
62.592
62.592
62.592
62.592
62.592
62.592
62.592
62.592
62.592
62.592
62.592
63.424
63.424
63.424
62.784
62.592
62.592
62.592
62.592
62.592
62.592
62.592
62.592
62.592
62.592
62.592
62.592
62.592
62.592
62.592
62.592
62.592
62.592
62.592
62.592
62.592
62.592
62.592
62.592
62.592
62.592
62.592
62.592
62.592
62.592
62.592
62.592
62.592
62.592
62.592
62.592
62.592
62.592
62.592
62.592
62.592
62.592
62.592
62.592
62.592
62.592
62.592
63.424
63.424
63.424
62.816
62.592
62.592
62.592
62.592
62.592
62.592
62.592
62.592
62.592
62.592
62.592
62.592
62.592
62.592
62.592
62.592
62.592
62.592
62.592
62.592
62.592
62.592
62.592
62.592
62.592
62.592
62.592
62.592
62.592
62.592
62.592
62.592
62.592
62.592
62.592
62.592
62.592
62.592
62.592
62.592
62.592
62.592
62.592
62.592
62.592
62.592
62.592
63.424
63.424
63.424
63.424
62.848
62.592
62.592
62.592
62.592
62.592
62.592
62.592
62.592
62.592
62.592
62.592
62.592
62.592
62.592
62.592
62.592
62.592
62.592
62.592
62.592
62.592
62.592
62.592
62.592
62.592
62.592
62.592
62.592
62.592
62.592
62.592
62.592
62.592
62.592
62.592
62.592
62.592
62.592
62.592
62.592
62.592
62.592
62.592
62.592
62.592
62.592
62.592
62.592
63.424
63.424
63.424
63.424
62.88
62.592
62.592
62.592
62.592
62.592
62.592
62.592
62.592
62.592
62.592
62.592
62.592
62.592
62.592
62.592
62.592
62.592
62.592
62.592
62.592
62.592
62.592
62.592
62.592
62.592
62.592
62.592
62.592
62.592
62.592
62.592
62.592
62.592
62.592
62.592
62.592
62.592
62.592
62.592
62.592
62.592
62.592
62.592
62.592
62.592
62.592
62.592
62.592
63.424
63.424
63.424
63.424
63.424
62.912
62.592
62.592
62.592
62.592
62.592
62.592
62.592
62.592
62.592
62.592
62.592
62.592
62.592
62.592
62.592
62.592
62.592
62.592
62.592
62.592
62.592
62.592
62.592
62.592
62.592
62.592
62.592
62.592
62.592
62.592
62.592
62.592
62.592
62.592
62.592
62.592
62.592
62.592
62.592
62.592
62.592
62.592
62.592
62.592
62.592
62.592
62.592
62.592
62.592
63.424
63.424
63.424
63.424
63.424
62.944
62.592
62.592
62.592
62.592
62.592
62.592
62.592
62.592
62.592
62.592
62.592
62.592
62.592
