0.030096
0.091488
0.091904
0.15408
0.154496
0.155328
0.155744
0.216672
0.217088
0.21792
0.218336
0.219168
0.219584
0.220416
0.220832
0.279264
0.27968
0.280512
0.280928
0.28176
0.282176
0.283008
0.283424
0.284256
0.284672
0.285504
0.28592
0.286752
0.287168
0.288
0.288416
0.341856
0.342272
0.343104
0.34352
0.344352
0.344768
0.3456
0.346016
0.346848
0.347264
0.348096
0.348512
0.349344
0.34976
0.350592
0.351008
0.35184
0.352256
0.353088
0.353504
0.354336
0.354752
0.355584
0.356
0.356832
0.357248
0.35808
0.358496
0.41032
0.411152
0.4545215
0.4553535
0.4561855
0.4570175
0.4578495
0.4586815
0.4595135
0.4603455
0.4611775
0.4620095
0.4628415
0.477101
0.477933
0.478765
0.491661
0.492483
0.5125565
0.558035
0.558867
0.559283
0.560115
0.560531
0.561363
0.561779
0.562611
0.563027
0.563859
0.564275
0.565107
0.565523
0.566355
0.566771
0.567603
0.568019
0.568851
0.569267
0.592378
0.592794
0.593626
0.594042
0.594874
0.59529
0.619002
0.619418
0.62024
0.620656
0.6214785
0.6223105
0.6231425
0.6239745
0.6248065
0.6256385
0.6264705
0.6273025
0.6281345
0.6289665
0.6297985
0.6306305
0.6314625
0.6322945
0.6331265
0.6339585
0.6347905
0.6352065
0.6360385
0.6368705
0.6377025
0.65497
0.655802
0.656634
0.657466
0.658298
0.65913
0.681594
0.682426
0.683258
0.68409
0.684922
0.685754
0.686586
0.687418
0.68825
0.689082
0.689914
0.690746
0.691578
0.69241
0.693242
0.694074
0.694906
0.695738
0.69657
0.697402
0.698234
0.699066
0.699482
0.700314
0.701146
0.701978
0.717562
0.718394
0.719226
0.720058
0.72089
0.721722
0.744186
0.745018
0.74585
0.746682
0.747514
0.748346
0.749178
0.75001
0.750842
0.751674
0.752506
0.753338
0.75417
0.755002
0.755834
0.756666
0.757498
0.75833
0.759162
0.759994
0.760826
0.761658
0.76249
0.763322
0.763738
0.76457
0.765402
0.780154
0.780986
0.781818
0.78265
0.783482
0.784314
0.806778
0.80761
0.808442
0.809274
0.810106
0.810938
0.81177
0.812602
0.813434
0.814266
0.815098
0.81593
0.816762
0.817594
0.818426
0.819258
0.82009
0.820922
0.821754
0.822586
0.823418
0.82425
0.825082
0.825914
0.826746
0.827162
0.827994
0.828826
0.842746
0.843578
0.84441
0.845242
0.846074
0.846906
0.86937
0.870202
0.871034
0.871866
0.872698
0.87353
0.874362
0.875194
0.876026
0.876858
0.87769
0.878522
0.879354
0.880186
0.881018
0.88185
0.882682
0.883514
0.884346
0.885178
0.88601
0.886842
0.887674
0.888506
0.889338
0.89017
0.891002
0.891418
0.89225
0.905338
0.90617
0.907002
0.907834
0.908666
0.909498
0.931962
0.932794
0.933626
0.934458
0.93529
0.936122
0.936954
0.937786
0.938618
0.93945
0.940282
0.941114
0.941946
0.942778
0.94361
0.944442
0.945274
0.946106
0.946938
0.94777
0.948602
0.949434
0.950266
0.951098
0.95193
0.952762
0.953594
0.954426
0.954842
0.955674
0.96793
0.968762
0.969594
0.970426
0.971258
0.97209
0.994554
0.995386
0.996218
0.99705
0.997882
0.998714
0.999546
1.000378
1.00121
1.002042
1.002874
1.003706
1.004538
1.00537
1.006202
1.007034
1.007866
1.008698
1.00953
1.010362
1.011194
1.012026
1.012858
1.01369
1.014522
1.015354
1.016186
1.017018
1.01785
1.018682
1.019098
1.030522
1.031354
1.032186
1.033018
1.03385
1.034682
1.057146
1.057978
1.05881
1.059642
1.060474
1.061306
1.062138
1.06297
1.063802
1.064634
1.065466
1.066298
1.06713
1.067962
1.068794
1.069626
1.070458
1.07129
1.072122
1.072954
1.073786
1.074618
1.07545
1.076282
1.077114
1.077946
1.078778
1.07961
1.080442
1.081274
1.082106
1.082522
1.093114
1.093946
1.094778
1.09561
1.096442
1.097274
1.119738
1.12057
1.121402
1.122234
1.123066
1.123898
1.12473
1.125562
1.126394
1.127226
1.128058
1.12889
1.129722
1.130554
1.131386
1.132218
1.13305
1.133882
1.134714
1.135546
1.136378
1.13721
1.138042
1.138874
1.139706
1.140538
1.14137
1.142202
1.143034
1.143866
1.144698
1.14553
1.155706
1.156122
1.156954
1.157786
1.158618
1.15945
1.160282
1.18233
1.183162
1.183994
1.184826
1.185658
1.18649
1.187322
1.188154
1.188986
1.189818
1.19065
1.191482
1.192314
1.193146
1.193978
1.19481
1.195642
1.196474
1.197306
1.198138
1.19897
1.199802
1.200634
1.201466
1.202298
1.20313
1.203962
1.204794
1.205626
1.206458
1.20729
1.208122
1.218298
1.21913
1.219546
1.220378
1.22121
1.222042
1.222874
1.223706
1.244922
1.245754
1.246586
1.247418
1.24825
1.249082
1.249914
1.250746
1.251578
1.25241
1.253242
1.254074
1.254906
1.255738
1.25657
1.257402
1.258234
1.259066
1.259898
1.26073
1.261562
1.262394
1.263226
1.264058
1.26489
1.265722
1.266554
1.267386
1.268218
1.26905
1.269882
1.270714
1.28089
1.281722
1.282554
1.283386
1.283802
1.284634
1.285466
1.286298
1.28713
1.307514
1.308346
1.309178
1.31001
1.310842
1.311674
1.312506
1.313338
1.31417
1.315002
1.315834
1.316666
1.317498
1.31833
1.319162
1.319994
1.320826
1.321658
1.32249
1.323322
1.324154
1.324986
1.325818
1.32665
1.327482
1.328314
1.329146
1.329978
1.33081
1.331642
1.332474
1.333306
1.343482
1.344314
1.345146
1.345978
1.34681
1.347226
1.348058
1.34889
1.349722
1.350554
1.370106
1.370938
1.37177
1.372602
1.373434
1.374266
1.375098
1.37593
1.376762
1.377594
1.378426
1.379258
1.38009
1.380922
1.381754
1.382586
1.383418
1.38425
1.385082
1.385914
1.386746
1.387578
1.38841
1.389242
1.390074
1.390906
1.391738
1.39257
1.393402
1.394234
1.395066
1.395898
1.406074
1.406906
1.407738
1.40857
1.409402
1.410234
1.411066
1.411482
1.412314
1.413146
1.413978
1.432698
1.43353
1.434362
1.435194
1.436026
1.436858
1.43769
1.438522
1.439354
1.440186
1.441018
1.44185
1.442682
1.443514
1.444346
1.445178
1.44601
1.446842
1.447674
1.448506
1.449338
1.45017
1.451002
1.451834
1.452666
1.453498
1.45433
1.455162
1.455994
1.456826
1.457658
1.45849
1.468666
1.469498
1.47033
1.471162
1.471994
1.472826
1.473658
1.47449
1.474906
1.475738
1.47657
1.477402
1.49529
1.496122
1.496954
1.497786
1.498618
1.49945
1.500282
1.501114
1.501946
1.502778
1.50361
1.504442
1.505274
1.506106
1.506938
1.50777
1.508602
1.509434
1.510266
1.511098
1.51193
1.512762
1.513594
1.514426
1.515258
1.51609
1.516922
1.517754
1.518586
1.519418
1.52025
1.521082
1.531258
1.53209
1.532922
1.533754
1.534586
1.535418
1.53625
1.537082
1.537914
1.538746
1.539162
1.539994
1.540826
1.557882
1.558714
1.559546
1.560378
1.56121
1.562042
1.562874
1.563706
1.564538
1.56537
1.566202
1.567034
1.567866
1.568698
1.56953
1.570362
1.571194
1.572026
1.572858
1.57369
1.574522
1.575354
1.576186
1.577018
1.57785
1.578682
1.579514
1.580346
1.581178
1.58201
1.582842
1.583674
1.59385
1.594682
1.595514
1.596346
1.597178
1.59801
1.598842
1.599674
1.600506
1.601338
1.60217
1.602586
1.603418
1.60425
1.620474
1.621306
1.622138
1.62297
1.623802
1.624634
1.625466
1.626298
1.62713
1.627962
1.628794
1.629626
1.630458
1.63129
1.632122
1.632954
1.633786
1.634618
1.63545
1.636282
1.637114
1.637946
1.638778
1.63961
1.640442
1.641274
1.642106
1.642938
1.64377
1.644602
1.645434
1.646266
1.656442
1.657274
1.658106
1.658938
1.65977
1.660602
1.661434
1.662266
1.663098
1.66393
1.664762
1.665594
1.666426
1.666842
1.667674
1.683066
1.683898
1.68473
1.685562
1.686394
1.687226
1.688058
1.68889
1.689722
1.690554
1.691386
1.692218
1.69305
1.693882
1.694714
1.695546
1.696378
1.69721
1.698042
1.698874
1.699706
1.700538
1.70137
1.702202
1.703034
1.703866
1.704698
1.70553
1.706362
1.707194
1.708026
1.708858
1.719034
1.719866
1.720698
1.72153
1.722362
1.723194
1.724026
1.724858
1.72569
1.726522
1.727354
1.728186
1.729018
1.72985
1.730266
1.731098
1.745658
1.74649
1.747322
1.748154
1.748986
1.749818
1.75065
1.751482
1.752314
1.753146
1.753978
1.75481
1.755642
1.756474
1.757306
1.758138
1.75897
1.759802
1.760634
1.761466
1.762298
1.76313
1.763962
1.764794
1.765626
1.766458
1.76729
1.768122
1.768954
1.769786
1.770618
1.77145
1.781626
1.782458
1.78329
1.784122
1.784954
1.785786
1.786618
1.78745
1.788282
1.789114
1.789946
1.790778
1.79161
1.792442
1.793274
1.794106
1.794522
1.80825
1.809082
1.809914
1.810746
1.811578
1.81241
1.813242
1.814074
1.814906
1.815738
1.81657
1.817402
1.818234
1.819066
1.819898
1.82073
1.821562
1.822394
1.823226
1.824058
1.82489
1.825722
1.826554
1.827386
1.828218
1.82905
1.829882
1.830714
1.831546
1.832378
1.83321
1.834042
1.844218
1.84505
1.845882
1.846714
1.847546
1.848378
1.84921
1.850042
1.850874
1.851706
1.852538
1.85337
1.854202
1.855034
1.855866
1.856698
1.85753
1.857946
1.870842
1.871674
1.872506
1.873338
1.87417
1.875002
1.875834
1.876666
1.877498
1.87833
1.879162
1.879994
1.880826
1.881658
1.88249
1.883322
1.884154
1.884986
1.885818
1.88665
1.887482
1.888314
1.889146
1.889978
1.89081
1.891642
1.892474
1.893306
1.894138
1.89497
1.895802
1.896634
1.90681
1.907642
1.908474
1.909306
1.910138
1.91097
1.911802
1.912634
1.913466
1.914298
1.91513
1.915962
1.916794
1.917626
1.918458
1.91929
1.920122
1.920954
1.933434
1.93385
1.934682
1.935514
1.936346
1.937178
1.93801
1.938842
1.939674
1.940506
1.941338
1.94217
1.943002
1.943834
1.944666
1.945498
1.94633
1.947162
1.947994
1.948826
1.949658
1.95049
1.951322
1.952154
1.952986
1.953818
1.95465
1.955482
1.956314
1.957146
1.957978
1.95881
1.959642
1.969402
1.970234
1.971066
1.971898
1.97273
1.973562
1.974394
1.975226
1.976058
1.97689
1.977722
1.978554
1.979386
1.980218
1.98105
1.981882
1.982714
1.983546
1.996026
1.996858
1.997274
1.998106
1.998938
1.99977
2.000602
2.001434
2.002266
2.003098
2.00393
2.004762
2.005594
2.006426
2.007258
2.00809
2.008922
2.009754
2.010586
2.011418
2.01225
2.013082
2.013914
2.014746
2.015578
2.01641
2.017242
2.018074
2.018906
2.019738
2.02057
2.021402
2.022234
2.023066
2.032029
2.032861
2.034093
2.035325
2.036157
2.037389
2.038221
2.039453
2.040285
2.041517
2.042349
2.043581
2.044413
2.045645
2.046477
2.047709
2.048541
2.049773
2.059629
2.060461
2.061693
2.062525
2.063341
2.064173
2.065405
2.066237
2.067469
2.068301
2.069533
2.070365
2.071597
2.072429
2.073661
2.074493
2.075725
2.076557
2.077789
2.078621
2.079853
2.081085
2.120314
2.121962
2.14057
2.141818
2.143466
2.145114
2.175587
2.1804895
2.218477
2.220525
2.221757
2.223389
2.225021
2.226653
2.228285
2.229917
2.230333
2.264314
2.26513
2.265962
2.266778
2.26801
2.268826
2.270058
2.270874
2.272096
2.272912
2.274144
2.275776
2.276608
2.27824
2.2806625
2.2810785
2.2823105
2.2835425
2.285965
2.286797
2.288429
2.290061
2.291693
2.293325
2.294957
2.296989
2.297821
2.326906
2.328538
2.32977
2.331402
2.332234
2.333866
2.335098
2.33673
2.337562
2.339194
2.340426
2.342058
2.34329
2.344922
2.346954
2.34777
2.348602
2.350234
2.351066
2.353498
2.35433
2.355962
2.357594
2.359226
2.360858
2.36249
2.364922
2.365754
2.389498
2.39113
2.392762
2.394394
2.395626
2.397258
2.39889
2.400522
2.401754
2.403386
2.405018
2.40665
2.408282
2.409914
2.411546
2.413178
2.41401
2.414826
2.416058
2.41729
2.419322
2.420554
2.422186
2.423818
2.42545
2.427082
2.428714
2.430746
2.431978
2.452477
2.454109
2.455741
2.457373
2.459005
2.460637
2.462269
2.463901
2.465533
2.467165
2.468797
2.470429
2.472061
2.473693
2.475325
2.476957
2.477789
2.479421
2.480237
2.481069
2.482701
2.484333
2.485965
2.487597
2.489229
2.490861
2.492493
2.494125
2.495757
2.497389
2.515456
2.517088
2.51872
2.520352
2.521984
2.523616
2.525248
2.52688
2.528512
2.530144
2.531776
2.533408
2.53504
2.536672
2.538304
2.539936
2.541168
2.5428
2.544432
2.545664
2.54608
2.547712
2.549344
2.550976
2.552608
2.55424
2.555872
2.557504
2.559136
2.560768
2.5624
2.578048
2.57968
2.581312
2.582944
2.584576
2.586208
2.58784
2.589472
2.591104
2.592736
2.594368
2.596
2.597632
2.599664
2.601296
2.602928
2.60456
2.606192
2.607824
2.609456
2.610288
2.611104
2.612336
2.613968
2.6156
2.617232
2.618864
2.620496
2.622128
2.62376
2.625392
2.627024
2.64064
2.642272
2.643904
2.645536
2.647168
2.6488
2.650432
2.652464
2.654096
2.655728
2.65736
2.658992
2.660624
2.662656
2.664288
2.66592
2.667552
2.669184
2.670816
2.672448
2.67368
2.675312
2.676144
2.67696
2.678192
2.679824
2.681456
2.683088
2.68472
2.686352
2.687984
2.689616
2.691248
2.703232
2.705264
2.706896
2.708528
2.71016
2.711792
2.713424
2.715456
2.717088
2.71872
2.720352
2.721984
2.723616
2.725248
2.72688
2.728512
2.730144
2.731776
2.733408
2.73504
2.736672
2.738304
2.739536
2.741168
2.741584
2.742816
2.744448
2.74608
2.747712
2.749344
2.750976
2.752608
2.75424
2.755872
2.766144
2.768256
2.769888
2.77152
2.773152
2.774784
2.776416
2.778048
2.77968
2.781312
2.782944
2.784576
2.786208
2.78784
2.789472
2.791104
2.792736
2.794368
2.796
2.797632
2.799664
2.801296
2.802928
2.80456
2.805392
2.807024
2.80784
2.809072
2.810704
2.812336
2.813968
2.8156
2.817232
2.818864
2.820496
2.829056
2.830848
2.83248
2.834112
2.835744
2.837376
2.839008
2.84064
2.842272
2.843904
2.845536
2.847168
2.8488
2.850432
2.852464
2.854096
2.855728
2.85736
2.858992
2.860624
2.862656
2.864288
2.86592
2.867552
2.868784
2.870416
2.872048
2.872464
2.873696
2.874928
2.87656
2.878192
2.879824
2.881456
2.883088
2.88472
2.891648
2.89344
2.895072
2.896704
2.898336
2.899968
2.9016
2.903232
2.905264
2.906896
2.908528
2.91016
2.911792
2.913424
2.915456
2.917088
2.91872
2.920352
2.921984
2.923616
2.925248
2.92688
2.928512
2.930144
2.931776
2.933408
2.93504
2.936272
2.937904
2.93832
2.939552
2.940784
2.942416
2.944048
2.94608
2.947712
2.949344
2.95424
2.956032
2.958064
2.959696
2.961328
2.96296
2.964592
2.966224
2.968256
2.969888
2.97152
2.973152
2.974784
2.976416
2.978048
2.97968
2.981312
2.982944
2.984576
2.986208
2.98784
2.989472
2.991104
2.992736
2.994368
2.996
2.997632
2.999664
3.001296
3.002128
3.002944
3.004176
3.005408
3.00704
3.008672
3.010704
3.012336
3.013968
3.017024
3.019136
3.021168
3.0228
3.024432
3.026064
3.027696
3.029328
3.03096
3.032592
3.034224
3.035856
3.037488
3.03912
3.040752
3.042384
3.044016
3.045648
3.04728
3.048912
3.050544
3.052576
3.054208
3.05584
3.057472
3.059104
3.060736
3.062768
3.0644
3.065632
3.067264
3.068096
3.068912
3.070144
3.071776
3.073408
3.07504
3.076672
3.078304
3.080736
3.082768
3.0844
3.086032
3.087664
3.089296
3.090928
3.09256
3.094592
3.096224
3.097856
3.099488
3.10112
3.102752
3.104384
3.106016
3.107648
3.10928
3.110912
3.112544
3.114176
3.116208
3.11784
3.119472
3.121104
3.122736
3.124368
3.126
3.127632
3.129264
3.130896
3.132128
3.13376
3.134576
3.135408
3.13704
3.138672
3.140304
3.141936
3.143568
3.1456
3.147232
3.148864
3.150496
3.152128
3.15376
3.155392
3.157024
3.159456
3.161088
3.16272
3.164352
3.165984
3.167616
3.169248
3.17088
3.172512
3.174144
3.175776
3.177408
3.17904
3.180672
3.182304
3.183936
3.185568
3.1872
3.188832
3.190464
3.192096
3.193728
3.19536
3.196992
3.198624
3.200256
3.201488
3.201904
3.203536
3.205168
3.2068
3.208432
3.210064
3.211696
3.213328
3.21496
3.216592
3.218224
3.219856
3.221488
3.22312
3.225552
3.227184
3.228816
3.230448
3.23208
3.233712
3.235344
3.236976
3.238608
3.24024
3.241872
3.243504
3.245136
3.246768
3.2484
3.250032
3.251664
3.253296
3.254928
3.25656
3.258192
3.259824
3.261456
3.263088
3.26472
3.266352
3.267984
3.269216
3.269632
3.271264
3.272896
3.274528
3.27616
3.277792
3.279424
3.281056
3.282688
3.28432
3.285952
3.287584
3.289216
3.290848
3.29288
3.294512
3.296144
3.297776
3.299408
3.30144
3.303072
3.304704
3.306336
3.307968
3.3096
3.311232
3.312864
3.314496
3.316128
3.31776
3.319392
3.321024
3.322656
3.324288
3.32592
3.327552
3.329184
3.330816
3.332448
3.33408
3.335712
3.337344
3.338176
3.339808
3.340624
3.342256
3.343888
3.34552
3.347152
3.348784
3.350416
3.352048
3.35368
3.355312
3.356944
3.358576
3.360208
3.36184
3.363472
3.365104
3.366736
3.368368
3.3704
3.372032
3.373664
3.375296
3.376928
3.37856
3.380192
3.381824
3.383856
3.385488
3.38712
3.388752
3.390384
3.392016
3.393648
3.39528
3.396912
3.398544
3.400176
3.401808
3.40344
3.405072
3.406704
3.407536
3.409168
3.4108
3.411616
3.412848
3.41448
3.416112
3.417744
3.419376
3.421008
3.42264
3.424672
3.426304
3.427936
3.429568
3.4312
3.432832
3.434464
3.436096
3.437728
3.43936
3.440992
3.442624
3.444256
3.445888
3.44752
3.449152
3.450784
3.452416
3.454448
3.45608
3.457712
3.459344
3.460976
3.462608
3.46424
3.466272
3.467904
3.469536
3.471168
3.4728
3.474432
3.476064
3.477696
3.478528
3.48016
3.481792
3.483424
3.484656
3.485072
3.486704
3.488336
3.489968
3.4916
3.493232
3.494864
3.496896
3.498528
3.50016
3.501792
3.503424
3.505056
3.507088
3.50872
3.510352
3.511984
3.513616
3.515248
3.51688
3.518512
3.520144
3.521776
3.523408
3.52504
3.526672
3.528304
3.529936
3.531568
3.5332
3.534832
3.536464
3.538496
3.540128
3.54176
3.543392
3.545024
3.546656
3.548688
3.55032
3.551152
3.552784
3.554416
3.556048
3.596435
3.5976575
3.650131
3.671747
3.673379
3.675011
3.676643
3.678275
3.679907
3.681539
3.683171
3.684803
3.686435
3.688067
3.689699
3.691331
3.692963
3.694595
3.696227
3.697859
3.699491
3.701123
3.703206
3.7048285
3.7056445
3.733056
3.734688
3.73632
3.737952
3.739584
3.741216
3.742848
3.74448
3.746112
3.747744
3.749376
3.751008
3.75264
3.754272
3.755088
3.75632
3.757952
3.759584
3.761216
3.762848
3.76488
3.766563
3.768195
3.769827
3.795648
3.79728
3.798912
3.800544
3.802176
3.803808
3.80544
3.807072
3.808704
3.810336
3.811968
3.8136
3.815232
3.817264
3.818896
3.819312
3.820544
3.821776
3.823408
3.82504
3.826672
3.829104
3.830736
3.832368
3.834
3.85824
3.859872
3.861504
3.863136
3.864768
3.8664
3.868032
3.870064
3.871696
3.873328
3.87496
3.876592
3.878224
3.880256
3.881888
3.88312
3.884752
3.885168
3.8864
3.887632
3.889264
3.890896
3.893328
3.89496
3.896592
3.898224
3.920832
3.922864
3.924496
3.926128
3.92776
3.929392
3.931024
3.933056
3.934688
3.93632
3.937952
3.939584
3.941216
3.942848
3.94448
3.946112
3.947744
3.948976
3.949392
3.951024
3.951856
3.953488
3.95512
3.957552
3.959184
3.960816
3.962448
3.983744
3.985856
3.987488
3.98912
3.990752
3.992384
3.994016
3.995648
3.99728
3.998912
4.000544
4.002176
4.003808
4.00544
4.007072
4.008704
4.010336
4.011968
4.0132
4.014832
4.015648
4.01648
4.018112
4.019744
4.021776
4.023408
4.02504
4.026672
4.046656
4.048448
4.05008
4.051712
4.053344
4.054976
4.056608
4.05824
4.059872
4.061504
4.063136
4.064768
4.0664
4.068032
4.070064
4.071696
4.073328
4.07496
4.076592
4.078224
4.079856
4.080272
4.081504
4.082736
4.084368
4.086
4.087632
4.089264
4.090896
4.109248
4.11104
4.112672
4.114304
4.115936
4.117568
4.1192
4.120832
4.122864
4.124496
4.126128
4.12776
4.129392
4.131024
4.133056
4.134688
4.13632
4.137952
4.139584
4.141216
4.142848
4.14408
4.145712
4.146128
4.14736
4.148592
4.150224
4.151856
4.153488
4.15512
4.17184
4.173632
4.175664
4.177296
4.178928
4.18056
4.182192
4.183824
4.185856
4.187488
4.18912
4.190752
4.192384
4.194016
4.195648
4.19728
4.198912
4.200544
4.202176
4.203808
4.20544
4.207072
4.208704
4.209936
4.210352
4.211984
4.212816
4.214448
4.21648
4.218112
4.219744
4.234432
4.236544
4.238656
4.240288
4.24192
4.243552
4.245184
4.246816
4.248448
4.25008
4.251712
4.253344
4.254976
4.256608
4.25824
4.259872
4.261504
4.263136
4.264768
4.2664
4.268032
4.270064
4.271696
4.273328
4.27416
4.275792
4.276608
4.27744
4.279072
4.281104
4.282736
4.284368
4.297344
4.299456
4.301248
4.30288
4.304512
4.306144
4.307776
4.309408
4.31104
4.312672
4.314304
4.315936
4.317568
4.3192
4.320832
4.322864
4.324496
4.326128
4.32776
4.329392
4.331024
4.333056
4.334688
4.33632
4.337552
4.339184
4.340816
4.341232
4.342464
4.343696
4.345328
4.34696
4.348592
4.360256
4.362048
4.36384
4.365472
4.367104
4.368736
4.370368
4.372
4.373632
4.375664
4.377296
4.378928
4.38056
4.382192
4.383824
4.385856
4.387488
4.38912
4.390752
4.392384
4.394016
4.395648
4.39728
4.398912
4.400544
4.402176
4.403808
4.40504
4.406672
4.407088
4.40832
4.409552
4.411184
4.412816
4.422848
4.42464
4.426432
4.428464
4.430096
4.431728
4.43336
4.434992
4.436624
4.438656
4.440288
4.44192
4.443552
4.445184
4.446816
4.448448
4.45008
4.451712
4.453344
4.454976
4.456608
4.45824
4.459872
4.461504
4.463136
4.464768
4.4664
4.468032
4.470064
4.470896
4.471712
4.472944
4.474176
4.475808
4.47744
4.48544
4.487232
4.489344
4.491456
4.493088
4.49472
4.496352
4.497984
4.499616
4.501248
4.50288
4.504512
4.506144
4.507776
4.509408
4.51104
4.512672
4.514304
4.515936
4.517568
4.5192
4.520832
4.522864
4.524496
4.526128
4.52776
4.529392
4.531024
4.533056
4.534288
4.53592
4.536752
4.537568
4.5388
4.540432
4.542064
4.548032
4.550144
4.552256
4.554048
4.55568
4.557312
4.558944
4.560576
4.562208
4.56384
4.565472
4.567104
4.568736
4.570368
4.572
4.573632
4.575664
4.577296
4.578928
4.58056
4.582192
4.583824
4.585856
4.587488
4.58912
4.590752
4.592384
4.594016
4.595648
4.59728
4.598912
4.600144
4.601776
4.602192
4.603424
4.604656
4.606288
4.610944
4.613056
4.614848
4.61664
4.618272
4.619904
4.621536
4.623168
4.6248
4.626432
4.628464
4.630096
4.631728
4.63336
4.634992
4.636624
4.638656
4.640288
4.64192
4.643552
4.645184
4.646816
4.648448
4.65008
4.651712
4.653344
4.654976
4.656608
4.65824
4.659872
4.661504
4.663136
4.664768
4.666
4.667632
4.668448
4.66928
4.670912
4.674208
4.67592
4.677632
4.679344
4.681376
4.683008
4.68464
4.686272
4.687904
4.689536
4.691568
4.6932
4.694832
4.696464
4.698096
4.699728
4.70136
4.702992
4.704624
4.706256
4.707888
4.70952
4.711152
4.712784
4.714416
4.716048
4.71768
4.719312
4.720944
4.722976
4.724608
4.72624
4.727872
4.729504
4.731136
4.732768
4.733184
4.734416
4.735648
4.73808
4.739712
4.741344
4.742976
4.745008
4.74664
4.748272
4.749904
4.751536
4.753168
4.7548
4.756432
4.758064
4.759696
4.761328
4.76296
4.764992
4.766624
4.768256
4.769888
4.77152
4.773152
4.774784
4.776416
4.778048
4.77968
4.781312
4.782944
4.784576
4.786608
4.78824
4.789872
4.791504
4.793136
4.794768
4.7964
4.797632
4.799264
4.79968
4.800912
4.802944
4.804576
4.806208
4.80784
4.809472
4.811104
4.812736
4.814368
4.816
4.817632
4.819264
4.820896
4.822528
4.82416
4.825792
4.827424
4.829856
4.831488
4.83312
4.834752
4.836384
4.838016
4.839648
4.84128
4.842912
4.844544
4.846176
4.847808
4.84944
4.851072
4.852704
4.854336
4.855968
4.8576
4.859232
4.860864
4.862496
4.864128
4.86536
4.865776
4.867408
4.86904
4.870672
4.872304
4.873936
4.875568
4.8772
4.878832
4.880464
4.882096
4.883728
4.88536
4.886992
4.888624
4.890256
4.891888
4.89352
4.895952
4.897584
4.899216
4.900848
4.90248
4.904112
4.905744
4.907376
4.909008
4.91064
4.912272
4.913904
4.915536
4.917168
4.9188
4.920432
4.922064
4.923696
4.925328
4.92696
4.928592
4.930224
4.931856
4.933088
4.93472
4.935136
4.936768
4.9384
4.940032
4.941664
4.943296
4.944928
4.94656
4.948192
4.949824
4.951456
4.953088
4.95472
4.956352
4.957984
4.959616
4.961248
4.96328
4.964912
4.966544
4.968176
4.969808
4.97184
4.973472
4.975104
4.976736
4.978368
4.98
4.981632
4.983264
4.984896
4.986528
4.98816
4.989792
4.991424
4.993056
4.994688
4.99632
4.997952
4.999584
5.001216
5.002848
5.00368
5.004496
5.005728
5.00736
5.008992
5.010624
5.012656
5.014288
5.01592
5.017552
5.019184
5.020816
5.022448
5.02408
5.025712
5.027344
5.028976
5.030608
5.03224
5.033872
5.035504
5.037136
5.038768
5.0408
5.042432
5.044064
5.045696
5.047328
5.04896
5.050592
5.052224
5.054256
5.055888
5.05752
5.059152
5.060784
5.062416
5.064048
5.06568
5.067312
5.068944
5.070576
5.072208
5.07304
5.074672
5.075904
5.07632
5.077952
5.079584
5.081216
5.083248
5.08488
5.086512
5.088144
5.089776
5.091408
5.09304
5.095072
5.096704
5.098336
5.099968
5.1016
5.103232
5.104864
5.106496
5.108128
5.10976
5.111392
5.113024
5.114656
5.116288
5.11792
5.119552
5.121184
5.122816
5.124848
5.12648
5.128112
5.129744
5.131376
5.133008
5.13464
5.136672
5.138304
5.139936
5.141568
5.1432
5.144032
5.145664
5.147296
5.148528
5.148944
5.150576
5.152208
5.15384
5.155472
5.157104
5.158736
5.160368
5.162
5.163632
5.165264
5.167296
5.168928
5.17056
5.172192
5.173824
5.175456
5.177488
5.17912
5.180752
5.182384
5.184016
5.185648
5.18728
5.188912
5.190544
5.192176
5.193808
5.19544
5.197072
5.198704
5.200336
5.201968
5.2036
5.205232
5.206864
5.208896
5.210528
5.21216
5.213792
5.215424
5.216656
5.218288
5.21992
5.259907
5.2623455
5.3132445
5.33567
5.337302
5.338934
5.340566
5.342198
5.34383
5.345462
5.347094
5.348726
5.350358
5.35199
5.353622
5.355254
5.356886
5.358518
5.36015
5.361782
5.363414
5.365046
5.366678
5.3687005
5.3695165
5.396547
5.398662
5.400294
5.401926
5.403558
5.40519
5.406822
5.408454
5.410086
5.411718
5.41335
5.414982
5.416614
5.418246
5.419062
5.420294
5.421926
5.423558
5.42519
5.426822
5.428454
5.430486
5.432118
5.43375
5.459456
5.461254
5.462886
5.464518
5.46615
5.467782
5.469414
5.471046
5.472678
5.47431
5.475942
5.477574
5.479206
5.480838
5.48287
5.483286
5.484518
5.48575
5.487382
5.489014
5.490646
5.492278
5.49471
5.496342
5.497974
5.522048
5.523846
5.525478
5.52711
5.528742
5.530374
5.532006
5.533638
5.53567
5.537302
5.538934
5.540566
5.542198
5.54383
5.545862
5.547094
5.548726
5.549142
5.550374
5.551606
5.553238
5.55487
5.556502
5.558934
5.560566
5.562198
5.58464
5.586438
5.58847
5.590102
5.591734
5.593366
5.594998
5.59663
5.598662
5.600294
5.601926
5.603558
5.60519
5.606822
5.608454
5.610086
5.611718
5.61295
5.613366
5.614998
5.61583
5.617462
5.619094
5.620726
5.623158
5.62479
5.626422
5.647232
5.649347
5.651462
5.653094
5.654726
5.656358
5.65799
5.659622
5.661254
5.662886
5.664518
5.66615
5.667782
5.669414
5.671046
5.672678
5.67431
5.675942
5.677174
5.678806
5.679222
5.680454
5.682086
5.683718
5.68535
5.687382
5.689014
5.690646
5.710144
5.712256
5.714054
5.715686
5.717318
5.71895
5.720582
5.722214
5.723846
5.725478
5.72711
5.728742
5.730374
5.732006
5.733638
5.73567
5.737302
5.738934
5.740566
5.742198
5.74303
5.743846
5.745078
5.74671
5.748342
5.749974
5.751606
5.753238
5.75487
5.773056
5.774848
5.776646
5.778278
5.77991
5.781542
5.783174
5.784806
5.786438
5.78847
5.790102
5.791734
5.793366
5.794998
5.79663
5.798662
5.800294
5.801926
5.803558
5.80519
5.806422
5.808054
5.808886
5.809702
5.810934
5.812566
5.814198
5.81583
5.817462
5.819094
5.835648
5.83744
5.839238
5.84127
5.842902
5.844534
5.846166
5.847798
5.84943
5.851462
5.853094
5.854726
5.856358
5.85799
5.859622
5.861254
5.862886
5.864518
5.86615
5.867782
5.869414
5.871046
5.872278
5.87391
5.874326
5.875558
5.87679
5.878422
5.880054
5.882086
5.883718
5.89824
5.900032
5.902147
5.904262
5.905894
5.907526
5.909158
5.91079
5.912422
5.914054
5.915686
5.917318
5.91895
5.920582
5.922214
5.923846
5.925478
5.92711
5.928742
5.930374
5.932006
5.933638
5.93567
5.937302
5.938134
5.939766
5.940582
5.941414
5.943046
5.944678
5.94671
5.948342
5.960832
5.962944
5.965056
5.966854
5.968486
5.970118
5.97175
5.973382
5.975014
5.976646
5.978278
5.97991
5.981542
5.983174
5.984806
5.986438
5.98847
5.990102
5.991734
5.993366
5.994998
5.99663
5.998662
6.000294
6.001526
6.003158
6.00479
6.005206
6.006438
6.00767
6.009302
6.010934
6.012566
6.023744
6.025856
6.027648
6.029446
6.031078
6.03271
6.034342
6.035974
6.037606
6.039238
6.04127
6.042902
6.044534
6.046166
6.047798
6.04943
6.051462
6.053094
6.054726
6.056358
6.05799
6.059622
6.061254
6.062886
6.064518
6.06615
6.067782
6.069014
6.070646
6.071062
6.072294
6.073526
6.075158
6.07679
6.086656
6.088448
6.09024
6.092038
6.09407
6.095702
6.097334
6.098966
6.100598
6.10223
6.104262
6.105894
6.107526
6.109158
6.11079
6.112422
6.114054
6.115686
6.117318
6.11895
6.120582
6.122214
6.123846
6.125478
6.12711
6.128742
6.130374
6.132006
6.133638
6.13487
6.135686
6.136918
6.13815
6.139782
6.141414
6.149248
6.15104
6.152832
6.154947
6.157062
6.158694
6.160326
6.161958
6.16359
6.165222
6.166854
6.168486
6.170118
6.17175
6.173382
6.175014
6.176646
6.178278
6.17991
6.181542
6.183174
6.184806
6.186438
6.18847
6.190102
6.191734
6.193366
6.194998
6.19663
6.198262
6.199894
6.200726
6.201542
6.202774
6.204406
6.206038
6.21184
6.213632
6.215744
6.217856
6.219654
6.221286
6.222918
6.22455
6.226182
6.227814
6.229446
6.231078
6.23271
6.234342
6.235974
6.237606
6.239238
6.24127
6.242902
6.244534
6.246166
6.247798
6.24943
6.251462
6.253094
6.254726
6.256358
6.25799
6.259622
6.261254
6.262886
6.264118
6.26575
6.266166
6.267398
6.26863
6.270262
6.274432
6.276544
6.278656
6.280448
6.282246
6.283878
6.28551
6.287142
6.288774
6.290406
6.292038
6.29407
6.295702
6.297334
6.298966
6.300598
6.30223
6.304262
6.305894
6.307526
6.309158
6.31079
6.312422
6.314054
6.315686
6.317318
6.31895
6.320582
6.322214
6.323846
6.325478
6.32711
6.328742
6.329974
6.331606
6.332022
6.333254
6.334886
6.337779
6.339811
6.341523
6.343235
6.34495
6.346982
6.348614
6.350246
6.351878
6.35351
6.355142
6.357174
6.358806
6.360438
6.36207
6.363702
6.365334
6.366966
6.368598
6.37023
6.371862
6.373494
6.375126
6.376758
6.37839
6.380022
6.381654
6.383286
6.384918
6.38655
6.388582
6.390214
6.391846
6.393478
6.39511
6.395942
6.396758
6.39799
6.399622
6.402054
6.403686
6.405318
6.40695
6.408582
6.410614
6.412246
6.413878
6.41551
6.417142
6.418774
6.420406
6.422038
6.42367
6.425302
6.426934
6.428566
6.430598
6.43223
6.433862
6.435494
6.437126
6.438758
6.44039
6.442022
6.443654
6.445286
6.446918
6.44855
6.450182
6.452214
6.453846
6.455478
6.45711
6.458742
6.459974
6.461606
6.462438
6.463254
6.464486
6.466918
6.46855
6.470182
6.471814
6.473446
6.475078
6.47671
6.478342
6.479974
6.481606
6.483238
6.48487
6.486502
6.488134
6.489766
6.491398
6.49303
6.495462
6.497094
6.498726
6.500358
6.50199
6.503622
6.505254
6.506886
6.508518
6.51015
6.511782
6.513414
6.515046
6.516678
6.51831
6.519942
6.521574
6.523206
6.524838
6.52647
6.527702
6.529334
6.52975
6.530982
6.533014
6.534646
6.536278
6.53791
6.539542
6.541174
6.542806
6.544438
6.54607
6.547702
6.549334
6.550966
6.552598
6.55423
6.555862
6.557494
6.559126
6.561558
6.56319
6.564822
6.566454
6.568086
6.569718
6.57135
6.572982
6.574614
6.576246
6.577878
6.57951
6.581142
6.582774
6.584406
6.586038
6.58767
6.589302
6.590934
6.592566
6.594198
6.59583
6.597062
6.598694
6.59911
6.600742
6.602374
6.604006
6.605638
6.60727
6.608902
6.610534
6.612166
6.613798
6.61543
6.617062
6.618694
6.620326
6.621958
6.62359
6.625222
6.626854
6.628886
6.630518
6.63215
6.633782
6.635414
6.637446
6.639078
6.64071
6.642342
6.643974
6.645606
6.647238
6.64887
6.650502
6.652134
6.653766
6.655398
6.65703
6.658662
6.660294
6.661926
6.663558
6.66519
6.666822
6.667654
6.66847
6.669702
6.671334
6.672966
6.674598
6.67623
6.678262
6.679894
6.681526
6.683158
6.68479
6.686422
6.688054
6.689686
6.691318
6.69295
6.694582
6.696214
6.697846
6.699478
6.70111
6.702742
6.704374
6.706406
6.708038
6.70967
6.711302
6.712934
6.714566
6.716198
6.71783
6.719862
6.721494
6.723126
6.724758
6.72639
6.728022
6.729654
6.731286
6.732918
6.73455
6.736182
6.737014
6.738646
6.739878
6.740294
6.741926
6.743558
6.74519
6.746822
6.748854
6.750486
6.752118
6.75375
6.755382
6.757014
6.758646
6.760678
6.76231
6.763942
6.765574
6.767206
6.768838
6.77047
6.772102
6.773734
6.775366
6.776998
6.77863
6.780262
6.781894
6.783526
6.785158
6.78679
6.788422
6.790454
6.792086
6.793718
6.79535
6.796982
6.798614
6.800246
6.802278
6.80391
6.805542
6.807174
6.808006
6.809638
6.81127
6.812502
6.812918
6.81455
6.816182
6.817814
6.819446
6.821078
6.82271
6.824342
6.825974
6.827606
6.829238
6.83087
6.832902
6.834534
6.836166
6.837798
6.83943
6.841062
6.843094
6.844726
6.846358
6.84799
6.849622
6.851254
6.852886
6.854518
6.85615
6.857782
6.859414
6.861046
6.862678
6.86431
6.865942
6.867574
6.869206
6.870838
6.87247
6.874502
6.876134
6.877766
6.879398
6.88063
6.882262
6.883894
6.9238815
6.92632
6.9772195
6.999245
7.001277
7.002909
7.004541
7.006173
7.007805
7.009437
7.011069
7.012701
7.014333
7.015965
7.017597
7.019229
7.020861
7.022493
7.024125
7.025757
7.027389
7.029021
7.030653
7.0326755
7.0330915
7.060205
7.061837
7.064269
7.065901
7.067533
7.069165
7.070797
7.072429
7.074061
7.075693
7.077325
7.078957
7.080589
7.082221
7.082637
7.083869
7.085485
7.087117
7.088749
7.090381
7.092013
7.093645
7.095277
7.096109
7.122797
7.124429
7.126861
7.128493
7.130125
7.131757
7.133389
7.135021
7.136653
7.138285
7.139917
7.141549
7.143181
7.144813
7.145645
7.146477
7.146893
7.148109
7.149709
7.151341
7.152973
7.154605
7.156237
7.157869
7.158701
7.185389
7.187021
7.189453
7.191085
7.192717
7.194349
7.195981
7.197613
7.199245
7.200877
7.202509
7.204141
7.205773
7.207405
7.208237
7.209069
7.209901
7.210317
7.211149
7.212349
7.213933
7.215565
7.217197
7.218829
7.220461
7.221293
7.247981
7.249613
7.252045
7.253677
7.255309
7.256941
7.258573
7.260205
7.261837
7.263469
7.265101
7.266733
7.268365
7.269997
7.270829
7.271661
7.272493
7.273325
7.273741
7.274573
7.275405
7.276589
7.278157
7.279789
7.281421
7.283053
7.283885
7.310573
7.312205
7.314637
7.316269
7.317901
7.319533
7.321165
7.322797
7.324429
7.326061
7.327693
7.329325
7.330957
7.332589
7.333421
7.334253
7.335085
7.335917
7.336749
7.337581
7.337997
7.338829
7.339661
7.340829
7.342381
7.344013
7.345645
7.346477
7.373165
7.374797
7.377229
7.378861
7.380493
7.382125
7.383757
7.385389
7.387021
7.388653
7.390285
7.391917
7.393549
7.395181
7.396013
7.396845
7.397677
7.398509
7.399341
7.400173
7.401005
7.401421
7.402253
7.403085
7.403917
7.405069
7.406605
7.408237
7.409069
7.435757
7.437389
7.439821
7.441453
7.443085
7.444717
7.446349
7.447981
7.449613
7.451245
7.452877
7.454509
7.456141
7.457773
7.458605
7.459437
7.460269
7.461101
7.461933
7.462765
7.463597
7.464429
7.465261
7.465677
7.466509
7.467341
7.468173
7.469309
7.470829
7.471661
7.498349
7.499981
7.502413
7.504045
7.505677
7.507309
7.508941
7.510573
7.512205
7.513837
7.515469
7.517101
7.518733
7.520365
7.521197
7.522029
7.522861
7.523693
7.524525
7.525357
7.526189
7.527021
7.527853
7.528685
7.529101
7.529933
7.530765
7.531597
7.532429
7.533549
7.534381
7.560941
7.562573
7.565005
7.566637
7.568269
7.569901
7.571533
7.573165
7.574797
7.576429
7.578061
7.579693
7.581325
7.582957
7.583789
7.584621
7.585453
7.586285
7.587117
7.587949
7.588781
7.589613
7.590445
7.591277
7.592109
7.592941
7.593357
7.594189
7.595021
7.595853
7.596685
7.597517
7.623533
7.625165
7.627597
7.629229
7.630861
7.632493
7.634125
7.635757
7.637389
7.639021
7.640653
7.642285
7.643917
7.645549
7.646381
7.647213
7.648045
7.648877
7.649709
7.650541
7.651373
7.652205
7.653037
7.653869
7.654701
7.655533
7.656365
7.656781
7.657613
7.658445
7.659277
7.660109
7.660941
7.686125
7.687757
7.690189
7.691821
7.693453
7.695085
7.696717
7.698349
7.699981
7.701613
7.703245
7.704877
7.706509
7.708141
7.708973
7.709805
7.710637
7.711469
7.712301
7.713133
7.713965
7.714797
7.715629
7.716461
7.717293
7.718125
7.718957
7.719789
7.720621
7.721037
7.721869
7.722701
7.723533
7.724365
7.748717
7.750349
7.752781
7.754413
7.756045
7.757677
7.759309
7.760941
7.762573
7.764205
7.765837
7.767469
7.769101
7.770733
7.771565
7.772397
7.773229
7.774061
7.774893
7.775725
7.776557
7.777389
7.778221
7.779053
7.779885
7.780717
7.781549
7.782381
7.783213
7.784045
7.784461
7.785293
7.786125
7.786957
7.787789
7.811309
7.812941
7.815373
7.817005
7.818637
7.820269
7.821901
7.823533
7.825165
7.826797
7.828429
7.830061
7.831693
7.833325
7.834157
7.834989
7.835821
7.836653
7.837485
7.838317
7.839149
7.839981
7.840813
7.841645
7.842477
7.843309
7.844141
7.844973
7.845805
7.846637
7.847469
7.848301
7.848717
7.849549
7.850381
7.851213
7.873901
7.875533
7.877965
7.879597
7.881229
7.882861
7.884493
7.886125
7.887757
7.889389
7.891021
7.892653
7.894285
7.895917
7.896749
7.897581
7.898413
7.899245
7.900077
7.900909
7.901741
7.902573
7.903405
7.904237
7.905069
7.905901
7.906733
7.907565
7.908397
7.909229
7.910061
7.910893
7.911725
7.912141
7.912973
7.913805
7.914637
7.936493
7.938125
7.940557
7.942189
7.943821
7.945453
7.947085
7.948717
7.950349
7.951981
7.953613
7.955245
7.956877
7.958509
7.959341
7.960173
7.961005
7.961837
7.962669
7.963501
7.964333
7.965165
7.965997
7.966829
7.967661
7.968493
7.969325
7.970157
7.970989
7.971821
7.972653
7.973485
7.974317
7.975149
7.975981
7.976397
7.977229
7.978061
7.999085
8.000717
8.003149
8.004781
8.006413
8.008045
8.009677
8.011309
8.012941
8.014573
8.016205
8.017837
8.019469
8.021101
8.021933
8.022765
8.023597
8.024429
8.025261
8.026093
8.026925
8.027757
8.028589
8.029421
8.030253
8.031085
8.031917
8.032749
8.033581
8.034413
8.035245
8.036077
8.036909
8.037741
8.038573
8.039405
8.039821
8.040653
8.041485
8.061677
8.063309
8.065741
8.067373
8.069005
8.070637
8.072269
8.073901
8.075533
8.077165
8.078797
8.080429
8.082061
8.083693
8.084525
8.085357
8.086189
8.087021
8.087853
8.088685
8.089517
8.090349
8.091181
8.092013
8.092845
8.093677
8.094509
8.095341
8.096173
8.097005
8.097837
8.098669
8.099501
8.100333
8.101165
8.101997
8.102829
8.103661
8.104077
8.104909
8.124269
8.125901
8.128333
8.129965
8.131597
8.133229
8.134861
8.136493
8.138125
8.139757
8.141389
8.143021
8.144653
8.146285
8.147117
8.147949
8.148781
8.149613
8.150445
8.151277
8.152109
8.152941
8.153773
8.154605
8.155437
8.156269
8.157101
8.157933
8.158765
8.159597
8.160429
8.161261
8.162093
8.162925
8.163757
8.164589
8.165421
8.166253
8.167085
8.167501
8.168333
8.186861
8.188493
8.190925
8.192557
8.194189
8.195821
8.197453
8.199085
8.200717
8.202349
8.203981
8.205613
8.207245
8.208877
8.209709
8.210541
8.211373
8.212205
8.213037
8.213869
8.214701
8.215533
8.216365
8.217197
8.218029
8.218861
8.219693
8.220525
8.221357
8.222189
8.223021
8.223853
8.224685
8.225517
8.226349
8.227181
8.228013
8.228845
8.229677
8.230509
8.231341
8.231757
8.249453
8.251085
8.253517
8.255149
8.256781
8.258413
8.260045
8.261677
8.263309
8.264941
8.266573
8.268205
8.269837
8.271469
8.272301
8.273133
8.273965
8.274797
8.275629
8.276461
8.277293
8.278125
8.278957
8.279789
8.280621
8.281453
8.282285
8.283117
8.283949
8.284781
8.285613
8.286445
8.287277
8.288109
8.288941
8.289773
8.290605
8.291437
8.292269
8.293101
8.293933
8.294765
8.295181
8.312045
8.313677
8.316109
8.317741
8.319373
8.321005
8.322637
8.324269
8.325901
8.327533
8.329165
8.330797
8.332429
8.334061
8.334893
8.335725
8.336557
8.337389
8.338221
8.339053
8.339885
8.340717
8.341549
8.342381
8.343213
8.344045
8.344877
8.345709
8.346541
8.347373
8.348205
8.349037
8.349869
8.350701
8.351533
8.352365
8.353197
8.354029
8.354861
8.355693
8.356525
8.357357
8.358189
8.374637
8.375053
8.376285
8.378701
8.380333
8.381965
8.383597
8.385229
8.386861
8.388493
8.390125
8.391757
8.393389
8.395021
8.396653
8.397485
8.398317
8.399149
8.399981
8.400813
8.401645
8.402477
8.403309
8.404141
8.404973
8.405805
8.406637
8.407469
8.408301
8.409133
8.409965
8.410797
8.411629
8.412461
8.413293
8.414125
8.414957
8.415789
8.416621
8.417453
8.418285
8.419117
8.419949
8.420781
8.437229
8.438061
8.438477
8.439309
8.441293
8.442925
8.444557
8.446189
8.447821
8.449453
8.451085
8.452717
8.454349
8.455981
8.457613
8.459245
8.460077
8.460909
8.461741
8.462573
8.463405
8.464237
8.465069
8.465901
8.466733
8.467565
8.468397
8.469229
8.470061
8.470893
8.471725
8.472557
8.473389
8.474221
8.475053
8.475885
8.476717
8.477549
8.478381
8.479213
8.480045
8.480877
8.481709
8.482541
8.483373
8.499821
8.500653
8.501485
8.502317
8.502733
8.503933
8.505517
8.507149
8.508781
8.510413
8.512045
8.513677
8.515309
8.516941
8.518573
8.520205
8.521837
8.522669
8.523501
8.524333
8.525165
8.525997
8.526829
8.527661
8.528493
8.529325
8.530157
8.530989
8.531821
8.532653
8.533485
8.534317
8.535149
8.535981
8.536813
8.537645
8.538477
8.539309
8.540141
8.540973
8.541805
8.542637
8.543469
8.544301
8.545133
8.545965
8.562413
8.563245
8.564077
8.564909
8.565741
8.566157
8.566989
8.568173
8.569741
8.571373
8.573005
8.574637
8.576269
8.577901
8.579533
8.581165
8.582797
8.584429
8.585261
8.586093
8.586925
8.587757
8.588589
8.589421
8.590253
8.591085
8.591917
8.592749
8.593581
8.594413
8.595245
8.596077
8.596909
8.597741
8.598573
8.599405
8.600237
8.601069
8.601901
8.602733
8.603565
8.604397
8.605229
8.606061
8.606893
8.607725
8.608557
8.625005
8.625837
8.626669
8.627501
8.628333
8.629165
8.629997
8.630413
8.631245
8.632413
8.633965
8.635597
8.637229
8.638861
8.640493
8.642125
8.643757
8.645389
8.647021
8.647853
8.648685
8.649517
8.650349
8.651181
8.652013
8.652845
8.653677
8.654509
8.655341
8.656173
8.657005
8.657837
8.658669
8.659501
8.660333
8.661165
8.661997
8.662829
8.663661
8.664493
8.665325
8.666157
8.666989
8.667821
8.668653
8.669485
8.670317
8.671149
8.687597
8.688429
8.689261
8.690093
8.690925
8.691757
8.692589
8.693421
8.693837
8.694669
8.695501
8.696653
8.698189
8.699821
8.701453
8.703085
8.704717
8.706349
8.707981
8.709613
8.710445
8.711277
8.712109
8.712941
8.713773
8.714605
8.715437
8.716269
8.717101
8.717933
8.718765
8.719597
8.720429
8.721261
8.722093
8.722925
8.723757
8.724589
8.725421
8.726253
8.727085
8.727917
8.728749
8.729581
8.730413
8.731245
8.732077
8.732909
8.733741
8.750189
8.751021
8.751853
8.752685
8.753517
8.754349
8.755181
8.756013
8.756845
8.757677
8.758093
8.758925
8.759757
8.760893
8.762413
8.764045
8.765677
8.767309
8.768941
8.770573
8.772205
8.773037
8.773869
8.774701
8.775533
8.776365
8.777197
8.778029
8.778861
8.779693
8.780525
8.781357
8.782189
8.783021
8.783853
8.784685
8.785517
8.786349
8.787181
8.788013
8.788845
8.789677
8.790509
8.791341
8.792173
8.793005
8.793837
8.794669
8.795501
8.796333
8.812781
8.813613
8.814445
8.815277
8.816109
8.816941
8.817773
8.818605
8.819437
8.820269
8.821101
8.821517
8.822349
8.823181
8.824013
8.825133
8.826637
8.828269
8.829901
8.831533
8.833165
8.834797
8.835629
8.836461
8.837293
8.838125
8.838957
8.839789
8.840621
8.841453
8.842285
8.843117
8.843949
8.844781
8.845613
8.846445
8.847277
8.848109
8.848941
8.849773
8.850605
8.851437
8.852269
8.853101
8.853933
8.854765
8.855597
8.856429
8.857261
8.858093
8.858925
8.875373
8.876205
8.877037
8.877869
8.878701
8.879533
8.880365
8.881197
8.882029
8.882861
8.883693
8.884525
8.885357
8.885773
8.886605
8.887437
8.888269
8.889373
8.890861
8.892493
8.894125
8.895757
8.897389
8.898221
8.899053
8.899885
8.900717
8.901549
8.902381
8.903213
8.904045
8.904877
8.905709
8.906541
8.907373
8.908205
8.909037
8.909869
8.910701
8.911533
8.912365
8.913197
8.914029
8.914861
8.915693
8.916525
8.917357
8.918189
8.919021
8.919853
8.920685
8.921517
8.937965
8.938797
8.939629
8.940461
8.941293
8.942125
8.942957
8.943789
8.944621
8.945453
8.946285
8.947117
8.947949
8.948781
8.949197
8.950029
8.950861
8.951693
8.952525
8.953613
8.955085
8.956717
8.958349
8.959981
8.960813
8.961645
8.962477
8.963309
8.964141
8.964973
8.965805
8.966637
8.967469
8.968301
8.969133
8.969965
8.970797
8.971629
8.972461
8.973293
8.974125
8.974957
8.975789
8.976621
8.977453
8.978285
8.979117
8.979949
8.980781
8.981613
8.982445
8.983277
8.984109
9.000557
9.001389
9.002221
9.003053
9.003885
9.004717
9.005549
9.006381
9.007213
9.008045
9.008877
9.009709
9.010541
9.011373
9.012205
9.013037
9.013453
9.014285
9.015117
9.015949
9.016781
9.017853
9.019309
9.020941
9.022573
9.023405
9.024237
9.025069
9.025901
9.026733
9.027565
9.028397
9.029229
9.030061
9.030893
